00000111121322233332
00000111121332233322
00000111121333233222
00000111123122233332
00000111123132233322
00000111123312233322
00000111123331233222
00000111221132233332
00000111221133233322
00000111221312233332
00000111221222313333
00000111221322213333
00000111221332213332
00000111221333213322
00000111231222312333
00000111223112233332
00000111223311233322
00000112221113233332
00000112221122313333
00000112221123213333
00000112221132213333
00000112221133213332
00000112231123312233
00000112331122312233
00000112331123312223
00000112221223311333
00000112221332211333
00000112221333211332
00000112231222311333
00000112231223311233
00000112331222311233
00000112331223311223
00000112223111233332
00000122221112313333
00000122221113213333
00000122221123311333
00000122221132311333
00000122221133211333
00000122231122311333
00000122231123311233
00000122331122311233
00000122331123311223
00000122221233311133
00000122221333211133
00000122231223311133
00000122331222311133
00000123331222311123
00001011112223322333
00001011112233322233
00001011112333322223
00001021112213322333
00001021112221323333
00001021112231322333
00001021112222133333
00001021112223123333
00001021112233122333
00001022112211323333
00001022112221133333
00001022112231123333
00001022112223133331
00001022112233123331
00001022113222133331
00001022113322133321
00001023112233122331
00001022212211133333
00001022212231133331
00001022213221133331
00001023312231122331
00001022212233133311
00001022213232133311
00001022213322133311
00001022312233123311
00001023312233122311
00001201112213322333
00001201112221323333
00001201112231322333
00001201112222133333
00001201112223123333
00001201112233122333
00001201112333122233
00001202112221133333
00001203112231122333
00001202112223133331
00001203112333122231
00001203312231122331
00001203312233122311
00001203312333122211
00001220112211323333
00001220112221133333
00001220112231123333
00001220112331122333
00001220112223133331
00001220112233123331
00001220112333122331
00001220113222133331
00001230112333122231
00001220312233123311
00001220312333122311
00001230312333122211
00001222012211133333
00001222012311123333
00001222012231133331
00001222012321133331
00001222012331123331
00001222013221133331
00001223012231123331
00001223012331122331
00001233012231122331
00001222012233133311
00001222012333123311
00001222013322133311
00001223012233123311
00001223012333122311
00001233012233122311
00001233012333122211
00011001112222323333
00011001112233322233
00011001112333322223
00011001123312233322
00011002112221323333
00011002112222133333
00011002112223123333
00011002113322133322
00011002212221133333
00011002212223133331
00011002213222133331
00011002213322133321
00011002312223123331
00012001123112233332
00012001123311233322
00011020112221323333
00011020112231322333
00011020112222133333
00011020112223123333
00011020112233122333
00011020132211322333
00011020213222133331
00011020312223123331
00012030123311233122
00011011120222233333
00011011120322233332
00011011120332233322
00011011120333233222
00011021110222233333
00011021110233322233
00011021130213322233
00011021130221322333
00011022110231322333
00011022110222133333
00011022110233122333
00011023110233122233
00011022210221133333
00011022210223133331
00011022210232133331
00011022210322133331
00011022210332133321
00011022310233122331
00011023310223122331
00011023310233122231
00012011120122233333
00012011120132233332
00012011120133233322
00012011120312233332
00012011120331233322
00012031120311233322
00012033120311233122
00011200112221323333
00011200112231322333
00011200112222133333
00011200112223123333
00011200112233122333
00011200112333122233
00011200132211322333
00011200312223123331
00011200312233122331
00011200312333122231
00012300123111233322
00012300123311233122
00011201112033322233
00011201132013322233
00011203112033122233
00011203312033122231
00012301123011233322
00011220012221133333
00011220012231123333
00011220012331122333
00011220012223133331
00011220012233123331
00011220012333122331
00011220013222133331
00011230012333122231
00011220112203123333
00011220312203123331
00111000112222323333
00111000112223322333
00111000112333322223
00111000123331233222
00111000212222133333
00111000213332133222
00111001120222233333
00111001120322233332
00111001120332233322
00111001120333233222
00111001210222233333
00111001210322233332
00111001210332233322
00111001220312233332
00111002110222233333
00111002110223322333
00111002110322233332
00111002130221322333
00111002210222133333
00111002210332133322
00111002310223122333
00112001120331233322
00112001220112233333
00112001220113233332
00112001220311233332
00122001120112233333
00122001120113233332
00122001120311233332
00122001120331233312
00122001220111233333
00111001123022233332
00111001123032233322
00111001213022233332
00111001213032233322
00111002113022233332
00111002213032133322
00112001123012233332
00112001223011233332
00122001123011233332
00122001123031233312
00111011220022233333
00111011220032233332
00111011220033233322
00111022110022233333
00111022210022133333
00112011120022233333
00112011120032233332
00112011120033233322
00112011220012233333
00112011220013233332
00122011120012233333
00122011120013233332
00122011120031233332
00122011220011233333
00111011220222303333
00111011220322203333
00111011220332203332
00111011220333203322
00111011230222302333
00111021130222302333
00111021130223302233
00111021130233302223
00111021210222303333
00111021310233302223
00111021330213302223
00111022110222303333
00111022110223302333
00111022110322203333
00111023110233302223
00111022130221302333
00111022210223103333
00111022210232103333
00111022210233102333
00111022210322103333
00111022310223102333
00111022310233102233
00111023310223102233
00112011120322203333
00112011120332203332
00112011120333203322
00112011220122303333
00112011220132203333
00112011220133203332
00112011320133203322
00112011220312203333
00112011220313203332
00112031120312203332
00112031120331203322
00112031220311203332
00112033120311203322
00122011120132203333
00122011120133203332
00122011120312203333
00122011120313203332
00122011120331203332
00122011220112303333
00122011220113203333
00122011320113203332
00122011220132301333
00122011220133201333
00122011230122301333
00122011320133201332
00123011230122301233
00122011220311203333
00122031120311203332
00122031120331203312
00111200012222133333
00111200012223123333
00111200012233122333
00111200012333122233
00111200312033122233
00112300123011233322
00111200112203322333
00111200132201322333
00111200312203122333
00111201132003322233
00111201312003322233
00112301123001233322
00122301123001233312
01111000012222323333
01111000012223322333
01111000012233322233
01111000120222233333
01111000120322233332
01111000120332233322
01111000120333233222
01111000210222233333
01111000210322233332
01111000210332233322
01112000120331233322
01111000123022233332
01111000123032233322
01111000213022233332
01111000213032233322
01112000123031233322
01111000123302233322
01111000213302233322
01112000123301233322
01111001220022233333
01111001220032233332
01111001220033233322
01111002120022233333
01111002130023322233
01111002210022233333
01111002210032233332
01112001120022233333
01112001120032233332
01112001120033233322
01112001220012233333
01112001220013233332
01112003120031233322
01122001120012233333
01122001120013233332
01122001120031233332
01122001220011233333
01111001220222303333
01111001220322203333
01111001220332203332
01111001220333203322
01111001230222302333
01111002120322203333
01111002130222302333
01111002210222303333
01111002210223302333
01111002210322203333
01111002210332203332
01111002310223302233
01112001120322203333
01112001120332203332
01112001120333203322
01112001220312203333
01112001220313203332
01112003120331203322
01122001120312203333
01122001120313203332
01122001120331203332
01122001220112303333
01122001220113203333
01122001320113203332
01122001220311203333
01111001223002233332
01111002213002233332
01112001123002233332
01122001123001233332
01111012220002233333
01111012220003233332
01111022210002233333
01112011220002233333
01112011220003233332
01122011120002233333
01122011120003233332
01222011120001233333
01111012220022303333
01111012220023203333
01111012220032203333
01111012220033203332
01111012230023302233
01111012330022302233
01111012330023302223
01111022130023302233
01111022210022303333
01111022210032203333
01111022310023302233
01112011220022303333
01112011220032203333
01112011220033203332
01112011320033203322
01112013120032203332
01112013120033203322
01112033120031203322
01122011120032203333
01122011120033203332
01122011220012303333
01122011320013203332
01222011120013203333
01222011120031203333
01222011220011303333
01111012220223300333
01111012220332200333
01111012220333200332
01111012230222300333
01111012230223300233
01111012330222300233
01111012330223300223
01111021230222300333
01111021330222300233
01111021330223300223
01111022130222300333
01111022130223300233
01111022210223300333
01111022210232300333
01111022210332200333
01111022310223300233
01111023310223300223
01112011220332200333
01112011220333200332
01112011320333200322
01112013120332200332
01112013120333200322
01112012220123300333
01112012220132300333
01112012220133200333
01112013220132200333
01112013220133200332
01112013320132200332
01112013320133200322
01112031120332200332
01112031120333200322
01112033120331200322
01122011120332200333
01122011120333200332
01122011220133200333
01122011230122300333
01122011320133200332
01123011230122300233
01122012230112300333
01122013320113200332
01122031120331200332
01222011120133200333
01222011120331200333
01222011220113300333
01222011230112300333
01222011320113200333
01222012230111300333
01222012230113300133
01222012320113300133
01222013320113200133
01223012230112300133
01233012230112300123
