000011222113245533444553
000011222113245553444533
000011222113425533444553
000011222113442533445553
000011223114233544235554
000011233114233544225554
000011222311423335444555
000011233311234555224445
000011234411233445223555
000011222314253314555344
000011222314523314555344
000011223314225314555344
000011223314522314555344
000011233314223514255544
000011233314225314255544
000011233314235514225544
000011233314255314225544
000011234415233415223455
000011222341253341555344
000011222341255341553344
000011222331423351444555
000011222341523341555344
000011222341552341553344
000011223331224351444555
000011223331224531444555
000011223331243551244455
000011223331244351244555
000011223331244531244555
000011223341233541255544
000011223341253341255544
000011223451233451234455
000011223331422351444555
000011233341223541255544
000011233341225341255544
000011234441233451223555
000011234441233541223555
000012331112344522344555
000012341112344522334555
000012331112345552344452
000012331112433552444552
000012341112344552334552
000012333112344152445552
000012333112443152445552
000012344112344152335552
000012333112344512445552
000012333112345512444552
000012333112435512444552
000012333112443512445552
000012334112344512345552
000012344112344512335552
000012344412345112335552
000111022213445233445553
000111022314223334555544
000111022314225334555344
000111022314225344555334
000111022314522334555344
000111022314522344555334
000111022314552334552344
000111022314552344552334
000111023314222334555544
000111023314223344255554
000111023314225334255544
000111023415223455233445
000111022231442333445555
000111022231442533445553
000111022331224355444355
000111022331224533444555
000111022341225344555334
000111022341522344555334
000111022331442533442555
000111022341552344552334
000111023331222344555544
000111023331224355244455
000111023341223344255554
000111023441223445233555
000111023441223455233455
000111023441223544233555
000111023451223455233445
000112031122333442555544
000112031122334552344455
000112031142333442555542
000112031142334442355552
000112031142335442355542
000112033112334522444555
000112033112334442555542
000112034112334442355552
000112033122433125444555
000112033122443125443555
000112033122334152444555
000112033122433152444555
000112033122443152443555
000112034122334152344555
000112033142335142555442
000112033142533142555442
000112033142553142553442
000112033312443512445552
000112033312445312445552
000112033412335412555442
000112033412533412555442
000112034412334412355552
000112034512334512344552
000122011123455523444533
000122011132455532444533
000123011123445223445553
000122031124333124555544
000122031124335124355544
000122031142333142555544
000122031142335142355544
000122033112334152444555
000122033112433152444555
000122034112334152344555
000122033112334512444555
000122033112443312445555
000122034112334512344555
000122033142331142555544
000122034122334115344555
000122033124335124555144
000122033124533124555144
000122033124553124553144
000122033142335142555144
000122033142533142555144
000122034152334152344155
000111203144223334255554
000111203144223445233555
000111203144223544233555
000111203144223554233554
000111203144233344225555
000111203144233354225554
000111203144233445223555
000111203144233544223555
000111203144233554223554
000111203145233445223455
000111203331223455244455
000111203341223344255554
000111203441223445233555
000111203441223455233455
000111203441223544233555
000111203451223455233445
000111203341233444225555
000111203341233544225554
000111203441233344225555
000111203441233445223555
000111203441233455223455
000111203441233544223555
000112301122333442555544
000112301122334552344455
000112301142333442555542
000112301142334442355552
000112301142335442355542
000112301142355442335542
000112304112344422335555
000112304112344522334555
000112304112334442355552
000112304112344452335552
000112304122334125344555
000112304122344125334555
000112304122334152344555
000112304152344152334552
000112304412334412355552
000112304512334512344552
000112304412344512335552
000122301112333442555544
000122301122331444355554
000122301124331524355544
000122301142331542355544
000123401123441223455553
000122301124333124555544
000122301124335124355544
000122301124355124335544
000122301142333142555544
000122301142335142355544
000122304112344152334555
000122304112334512344555
000122304112344412335555
000122304112344512334555
000122304122334115344555
000122304125344125334155
000122304152334152344155
000111220134223334555544
000111220134225334555344
000111220133244335244555
000111220134253334255544
000111220134255334255344
000111220133422335444555
000111220133422553444553
000111220134522334555344
000111230144233344225555
000111230144233354225554
000111230144233445223555
000111230144233544223555
000111230144233554223554
000111230145233445223455
000111220314223334555544
000111220314225334555344
000111220314225344555334
000111220314233344255554
000111220314253334255544
000111220314255334255344
000111220314255344255334
000111220314522334555344
000111220314522344555334
000111230415233445223455
000112330112344422345555
000112340112344422335555
000112340112344522334555
000112330112344452345552
000112340112344452335552
000112330122433125444555
000112340122344125334555
000112330122334152444555
000112330122433152444555
000112340122344152334555
000112330142335142555442
000112330142533142555442
000112340152344152334552
000112330412335412555442
000112330412344412355552
000112330412355412355442
000112330412533412555442
000122330112334152444555
000122330112344152344555
000122330112433152444555
000122340112344152334555
000122330112334512444555
000122330112344412345555
000122330112344512344555
000122340112344412335555
000122330142331142555544
000122330142351142355544
000122330122433115444555
000122330124335124555144
000122330124533124555144
000122340125344125334155
000122330142335142555144
000122330142355142355144
000122330142533142555144
001111002223444523455533
001111002234522334555344
001111002333422235444555
001112001322433352444555
001112001332455532444532
001112001342533342555442
001112003122433325444555
001112003122333442555544
001112003142333442555542
001112003142533342555442
001112003312444332455552
001112003412333442555542
001122003124333124555544
001222001123444133455553
001223001123444123455553
001222001233411335444555
001222001324511344555334
001222001342511344555334
001223001233411235444555
001223001233411253444555
001223001423511423555443
001233001223411253444555
001233001243511243555244
001111022233024533444555
001111022233024553444553
001111022234025334555344
001111022233042335444555
001111022233042533444555
001111022233042553444553
001111022234052334555344
001111022233044253445553
001111022333042235444555
001111023334023544225554
001111023334025344225554
001111023344023354225554
001111023344025334225554
001111023444023345223555
001111023444023354223555
001111023444023455223355
001111023444023554223355
001111023455023445223345
001112031222033344555544
001112031222034555334445
001112031422034442335555
001112031422034452334555
001112031442033342555542
001112031442034452335552
001112031442035442335552
001112031442035542335542
001112033122043325444555
001112034122034425334555
001112033122033442555544
001112034122034442335555
001112034122034452334555
001112034122034552334455
001112033142033442555542
001112033142053342555442
001112034152034552334452
001112033312034522444555
001112033312043522444555
001112033312034552444552
001112033312043552444552
001112033412033442555542
001112034412034452335552
001112034412035442335552
001112034512034552334452
001122011342033342555544
001122011342053342555344
001123011223045523444553
001122031142033342555544
001122031142034442335555
001122034112034442335555
001122034112034452334555
001222011123044333445555
001222011233014533444555
001222011233014443555543
001222011233014553444553
001222011234013334555544
001222011324013334555544
001222011324015334555344
001222011324015344555334
001222011332013344555544
001222011332014533444555
001222011342015344555334
001223011223014533444555
001223011223014443555543
001223011423015423555443
001233011223014253444555
001233011223014523444555
001233011243012243555544
001233011243015243555244
001222011233041335444555
001222011233041533444555
001222011233041553444553
001222011234051334555344
001222011324051334555344
001222011332041335444555
001222011332041533444555
001222011342051344555334
001223011223041533444555
001223011423051423555443
001233011223041523444555
001233011233041225444555
001233011243051243555244
001222031112034445334555
001222031124031444335555
001222031124031544335554
001222031142031444335555
001222031142031544335554
001223041123041523445553
001222031124035144335554
001223041123045123445553
001222031244031144335555
001222031244031154335554
001222031442031144335555
001223041223041153445553
001233041223041123445555
001222031244031445331555
001222031244031544331555
001222031244031554331554
001222031425031455331445
001222031442031445331555
001222031442031544331555
001222031452031455331445
001233041223041253441555
001233041223041523441555
001233041233041225441555
001111200333224355244455
001111200333224435244555
001111200333224453244555
001111200334225334255544
001111200344225334255534
001111200333244453224555
001112300122334425344555
001112300122334452344555
001112300142333442555542
001112300142334442355552
001112300142335442355542
001112300142335542355442
001112300412344422335555
001112300412333442555542
001112300412334442355552
001112300412335442355542
001122300124333124555544
001122300124335124355544
001111203334203544225554
001111203334203554225544
001111203334205344225554
001111203334205534225544
001111203344203445223555
001111203344203544223555
001111203345203445223455
001111203444203345223555
001111203444203354223555
001112301222304555334445
001112301422304442335555
001112301422304452334555
001112301442304422335555
001112301442304452335552
001112301442305442335552
001112301452304452334552
001112304122304425334555
001112304122304442335555
001112304122304452334555
001112304152304452334552
001112304412304422335555
001112304412304522334555
001112304412304452335552
001112304412304552334552
001112304412305442335552
001123401123405223445553
001122301224301444335555
001122301224301544335554
001122301422301444335555
001123401223401233445555
001123401223401253445553
001123401223401523445553
001222301112304445334555
001222301124301444335555
001222301124301544335554
001222301124301554335544
001222301142301444335555
001222301142301544335554
001222301124305144335554
001222301244301445331555
001222301244301544331555
001222301245301445331455
001222301425301445331455
001222301442301445331555
001222301442301455331455
001222301442301544331555
001223401223401533441555
001223401233401235441555
001223401233401253441555
011112000322443352443555
011112000332443352445552
011112000332444532455532
011112000342553342553442
011122000123444523455533
011122000132443332445555
011122000132444532455533
011123000123444223455553
011112003222043355444355
011112003322043325444555
011112003332043522444555
011112003332043552444552
011112003332044352445552
011112003332044532445552
011112003332045532444552
011112003342053342555442
011112003442053342555342
011122001223045533444553
011122001322044333445555
011122001324033324555544
011122001324053324555344
011122001332044332445555
011122001342033342555544
011122001342053342555344
011122001342055342553344
011123001223044233445555
011123001223044253445553
011123001223044523445553
011123001223045523444553
011122003122043335444555
011122003124033324555544
011122003124053324555344
011122003142033342555544
011122003142053342555344
011222001123044333445555
011222001123044533445553
011222001132044333445555
011222001132044533445553
011223001123044523445553
011222001233041335444555
011222001233041533444555
011222001234051334555344
011222001324051344555334
011222001332041335444555
011222001332041355444355
011222001332041533444555
011222001342051344555334
011223001223041533444555
011223001233041235444555
011223001243051243555443
011233001233041225444555
011233001234051234555244
011112003322403325444555
011112003322403352444555
011112003332403552444552
011112003332405532444552
011112003342503342555442
011122001223405533444553
011122001322403335444555
011122001324503324555344
011122001332403352444555
011122001342503342555344
011123001223405523444553
011222001233401335444555
011222001234501334555344
011222001324501334555344
011222001324501344555334
011222001332401335444555
011222001332401355444355
011223001233401235444555
011223001233401253444555
011223001243501243555443
011233001233401225444555
011233001234501234555244
011112033322004352444555
011112033342005342555442
011122013224003334555544
011122013324003324555544
011122013324005324555344
011122013332004352444555
011122013332004532444555
011123012223004443555543
011122033124003324555544
011222011233004443555543
011222011234003334555544
011222011234005334555344
011222011324003334555544
011222011324005334555344
011222011332004533444555
011223011233004253444555
011223011243005243555443
011233011223004253444555
011233011223004523444555
011233011234005234555244
012222011133004553444553
012222011134005334555344
012223011123004553444553
012223011233001443555544
012223011243001443555543
012233011234001234555544
011112033222034555034445
011112033222043355044455
011112034222034455033455
011112033322034425044555
011112033322044325044555
011112034422034425033555
011112033322034452044555
011112033322034552044455
011112033322043552044455
011112033322044352044555
011112033422034452034555
011112034422034452033555
011112034442034522033555
011122013224033344055554
011122013224033444035555
011122013224033544035554
011122013322033444055554
011122013422033444035555
011122013324033524055544
011122013324053324055544
011122013324055324055344
011122013332044352044555
011122013332044532044555
011122013342033542055544
011122013342053342055544
011122013442033442035555
011122013452033452034455
011123012223044533044555
011122031224033344055554
011122031224033444035555
011122031224033544035554
011122031224035544033554
011122031422033444035555
011122031422034445033555
011122031425034425033455
011122031442033442035555
011122031452033452034455
011122031442034452033555
011123041223044233045555
011122033122034445034555
011122034122034445033555
011122033124033524055544
011122033124053324055544
011122034125034425033455
011122033142033542055544
011122033142034442035555
011122033142035542035544
011122033142053342055544
011222011233045553044453
011222011234053334055544
011222011324033344055554
011222011324053334055544
011222011332044433045555
011222011342033344055554
011233011223044423045555
011233011243052243055544
011222013244013334055554
011222013244013445033555
011222013244013544033555
011222013244013554033554
011222013324013344055554
011222013324015334055544
011222013425013455033445
011222013332013455044455
011222013332014355044455
011222013342013344055554
011222013442013445033555
011222013442013544033555
011222013452013455033445
011223012233014553044455
011233012233012444055554
011233012243012543055544
011233012243015243055544
011233014223014253044555
011233014223014523044555
011233014233014225044555
011222031124033344055554
011222031124033444035555
011222031124033544035554
011222031124033554035544
011222031142033344055554
011222031142033444035555
011222031142033544035554
011222031244031445033555
011222031244031544033555
011222031245031445033455
011222031425031445033455
011222031442031445033555
011222031442031455033455
011222031442031544033555
011223041223041533044555
011223041233041235044555
011223041233041253044555
012222011133044335044555
012222011133044453045553
012222011134055334055344
012223011123044433045555
012222011333014355044455
012222011333014435044555
012222011333014453044555
012222011333014553044455
012222011334015334055544
012222011344015334055534
012223011233014435044555
012223011233014453044555
012223011233014553044455
012233011223014453044555
012233011234015234055544
012222011333041355044455
012222011333041553044455
012222011334051334055544
012223011233041553044455
012233011234051234055544
012222013334011534055544
012223012333011444055554
012233012234011534055544
012333012223011455044455
012333012234011244055554
