000011112222333344445555
000011112222333344454555
000011112222333344554455
000011112222333345554445
000011112222333434445555
000011112222333435445554
000011112222333435545544
000011112222333453445554
000011112222333455345544
000011112222334433445555
000011112222334433545554
000011112222334434453555
000011112222334435443555
000011112222334435543554
000011112222334534453455
000011112222334453345554
000011112222344433345555
000011112222344433453555
000011112222344433543555
000011112222344434553355
000011112222344435543355
000011112222344534453355
000011112222345534453345
000011112223233344445555
000011112223233344454555
000011112223233344554455
000011112223233345554445
000011112223243344354555
000011112223243344435555
000011112223243344534555
000011112223244344335555
000011112223244344535553
000011112223244354435553
000011112223244355435543
000011112223245344534553
000011112223423344354555
000011112223423344435555
000011112223423344534555
000011112223423345534455
000011112223425344534553
000011112223425345534453
000011112223442344335555
000011112223442345334555
000011112223442344535553
000011112223442345534553
000011112223442354435553
000011112223452345534453
000011112233223344445555
000011112233223344454555
000011112233223344554455
000011112233223345554445
000011112233223455345544
000011112233224344435555
000011112233224355435544
000011112234223453345554
000011112234223455345534
000011112233233424445555
000011112233233425445554
000011112233233425545544
000011112233243324445555
000011112233243324554455
000011112233243524354455
000011112233244324435555
000011112233245324534455
000011112234233423445555
000011112234233423545554
000011112234233425345554
000011112234253425345534
000011112233422344435555
000011112233422344534555
000011112233422345534455
000011112233423342554455
000011112233423542354455
000011112233425342534455
000011112234523452345534
000011112333222344445555
000011112333222344454555
000011112333222344554455
000011112333222345554445
000011112333223424445555
000011112333223425445554
000011112333223425545544
000011112333224324445555
000011112333224325445554
000011112334223425345554
000011112333223452445554
000011112333224352445554
000011112334223452345554
000011112333234422445555
000011112333234422545554
000011112333244322445555
000011112334233422445555
000011112334233422545554
000011112344233422345555
000011112333234424452555
000011112333234425442555
000011112333234425542554
000011112333234524452455
000011112333243524452455
000011112333243524552445
000011112333244324452555
000011112333244324552455
000011112333244325442555
000011112333245324552445
000011112334233425442555
000011112334233425542554
000011112334234423452555
000011112334234423542555
000011112334235423542554
000011112334253425342554
000011112344233423542555
000011112344233425342555
000011112344234423352555
000011112344234423552355
000011112344234523452355
000011112344235423542355
000011112345234523452345
000011121222333344445555
000011121222333344454555
000011121222333344554455
000011121222333345554445
000011121222333434445555
000011121222333435445554
000011121222333435545544
000011121222333453445554
000011121222333455345544
000011121222334433445555
000011121222334433545554
000011121222334434453555
000011121222334435443555
000011121222334435543554
000011121222334534453455
000011121222334453345554
000011121222344433345555
000011121222344433453555
000011121222344433543555
000011121222344434553355
000011121222344435543355
000011121222344534453355
000011121222345534453345
000011121322332434445555
000011121322332435445554
000011121322332435545544
000011121322332453445554
000011121322432543354455
000011121322333244445555
000011121322333244454555
000011121322333244554455
000011121322333245554445
000011121322334234445555
000011121322334235445554
000011121322334253445554
000011121322433243554455
000011121322433244354555
000011121332332244445555
000011121332332244454555
000011121332332244554455
000011121332332245554445
000011121332432243554455
000011121332334244425555
000011121332334255425544
000011121332433244425555
000011121332433244524555
000011121332433245524455
000011121332435243524455
000011121332443244325555
000011121332443245324555
000011121342334234425555
000011123122332434445555
000011123122332435445554
000011123122332435545544
000011123122332453445554
000011123122342534453455
000011123122342534553445
000011123122333244445555
000011123122333244454555
000011123122333244554455
000011123122333245554445
000011123122334234445555
000011123122334235445554
000011123122334253445554
000011123122344233445555
000011123122344234453555
000011123122344234553455
000011123122344235443555
000011123122345234553445
000011123142334234425555
000011123142344233425555
000011123142344234523555
000011123142344235423555
000011123312332244445555
000011123312332244454555
000011123312332244554455
000011123312332245554445
000011123312342234445555
000011123312342234554455
000011123312432243554455
000011123412342234453555
000011123412342234553455
000011123312334244425555
000011123312334255425544
000011123312344234425555
000011123312345234524455
000011123312433244425555
000011123312433244524555
000011123312433245524455
000011123312435243524455
000011123412344233425555
000011123412344234523555
000011123412344235423555
000011123412345234523455
000011221122333344445555
000011221122333344454555
000011221122333344554455
000011221122333345554445
000011221122333434445555
000011221122333435445554
000011221122333435545544
000011221122333453445554
000011221122333455345544
000011221122334433445555
000011221122334433545554
000011221122334434453555
000011221122334435443555
000011221122334435543554
000011221122334534453455
000011221122334453345554
000011221122344433345555
000011221122344433453555
000011221122344433543555
000011221122344434553355
000011221122344435543355
000011221122344534453355
000011221122345534453345
000011221123442344335555
000011221123442345334555
000011221123442344535553
000011221123442345534553
000011221123442354435553
000011221123452345534453
000011221132333244445555
000011221132333244454555
000011221132333244554455
000011221132333245554445
000011221132433243554455
000011221132433244354555
000011221132443243354555
000011221132443244335555
000011221132443245334555
000011231123422344435555
000011231123422344534555
000011231123422345534455
000011231123442344235555
000011231123442345234555
000011221223133344445555
000011221223133344454555
000011221223133344554455
000011221223133345554445
000011221223143344354555
000011221223143344435555
000011221223143344534555
000011221223144344335555
000011221223144344535553
000011221223144354435553
000011221223144355435543
000011221223145344534553
000011221322133344445555
000011221322133344454555
000011221322133344554455
000011221322133345554445
000011221322133453445554
000011221322133455345544
000011221322134433445555
000011221322134433545554
000011221322134453345554
000011221324132433445555
000011221324132433545554
000011221324132453345554
000011221332133244445555
000011221332133244454555
000011221332133244554455
000011221332133245554445
000011221332134253445554
000011221332143244354555
000011221342134233445555
000011231223123344445555
000011231223123344454555
000011231223123344554455
000011231223123345554445
000011231223124344435555
000011231223124355435544
000011231223142344435555
000011231223142344534555
000011231423142344235555
000011223112333244445555
000011223112333244454555
000011223112333244554455
000011223112333245554445
000011223112334234445555
000011223112334235445554
000011223112334253445554
000011223112344233445555
000011223112344234453555
000011223112344234553455
000011223112344235443555
000011223112345234553445
000011223122314433445555
000011223122314433545554
000011223122314434453555
000011223122314435443555
000011223122314435543554
000011223122314534453455
000011223124312433445555
000011223124312433545554
000011223124312435443555
000011223124312435543554
000011223142314233445555
000011223142314234453555
000011223142314235443555
000011234123412344235555
000011234123412345234555
000012221112333344445555
000012221112333344454555
000012221112333344554455
000012221112333345554445
000012221112333434445555
000012221112333435445554
000012221112333435545544
000012221112333453445554
000012221112333455345544
000012221112334433445555
000012221112334433545554
000012221112334434453555
000012221112334435443555
000012221112334435543554
000012221112334534453455
000012221112334453345554
000012221112344433345555
000012221112344433453555
000012221112344433543555
000012221112344434553355
000012221112344435543355
000012221112344534453355
000012221112345534453345
000012221123133344445555
000012221123133344454555
000012221123133344554455
000012221123133345554445
000012221123143344354555
000012221123143344435555
000012221123143344534555
000012221123144344335555
000012221123144344535553
000012221123144354435553
000012221123144355435543
000012221123145344534553
000012221132133344445555
000012221132133344454555
000012221132133344554455
000012221132133345554445
000012221132133453445554
000012221132133455345544
000012221132143344354555
000012221132143344435555
000012221132143344534555
000012231123142344435555
000012231123142344534555
000012221123413344354555
000012221123413344435555
000012221123413344534555
000012221123413345534455
000012221123415344534553
000012221123415345534453
000012221132413344354555
000012221132413344435555
000012221132413344534555
000012221132413345534455
000012221132413543354455
000012231123412344435555
000012231123412344534555
000012231123412345534455
000012221233113344445555
000012221233113344454555
000012221233113344554455
000012221233113345554445
000012221233113455345544
000012221233114344435555
000012221233114355435544
000012221234113453345554
000012221234113455345534
000012221332113344445555
000012221332113344454555
000012221332113344554455
000012221332113345554445
000012221332113455345544
000012231223113344445555
000012231223113344454555
000012231223113344554455
000012231223113345554445
000012231223114344435555
000012231223114355435544
000012331223112344445555
000012331223112344454555
000012331223112344554455
000012331223112345554445
000012221233133414445555
000012221233133415445554
000012221233133415545544
000012221233143314445555
000012221233143314554455
000012221233143514354455
000012221233144314435555
000012221233145314534455
000012221234133413445555
000012221234133413545554
000012221234133415345554
000012221234153415345534
000012221324133413445555
000012221324133413545554
000012221324133415345554
000012221324134413345555
000012221332133414445555
000012221332133415445554
000012221332133415545544
000012221332134413445555
000012221332134413545554
000012221332143314445555
000012221332143314554455
000012221332143514354455
000012221342134413345555
000012231223143314445555
000012231223143314554455
000012231223144314435555
000012231223145314534455
000012231233123414445555
000012231233123415445554
000012231233123415545544
000012231233124314445555
000012231233124315445554
000012231243124314435555
000012231423142314435555
000012331223124314445555
000012331223124315445554
000012331223142314445555
000012331223142314554455
000012331233122414445555
000012331233122415445554
000012331233122415545544
000012331233124412445555
000012331233124412545554
000012331234123412445555
000012331234123412545554
000012331243124312445555
000012341234123412345555
000101112222333344445555
000101112222333344454555
000101112222333344554455
000101112222333345554445
000101112222333434445555
000101112222333435445554
000101112222333435545544
000101112222333453445554
000101112222333455345544
000101112222334433445555
000101112222334433545554
000101112222334434453555
000101112222334435443555
000101112222334435543554
000101112222334534453455
000101112222334453345554
000101112222344433345555
000101112222344433453555
000101112222344433543555
000101112222344434553355
000101112222344435543355
000101112222344534453355
000101112222345534453345
000101112223233344445555
000101112223233344454555
000101112223233344554455
000101112223233345554445
000101112223243344354555
000101112223243344435555
000101112223243344534555
000101112223244344335555
000101112223244344535553
000101112223244354435553
000101112223244355435543
000101112223245344534553
000101112223423344354555
000101112223423344435555
000101112223423344534555
000101112223423345534455
000101112223425344534553
000101112223425345534453
000101112223442344335555
000101112223442345334555
000101112223442344535553
000101112223442345534553
000101112223442354435553
000101112223452345534453
000101112233223344445555
000101112233223344454555
000101112233223344554455
000101112233223345554445
000101112233223455345544
000101112233224344435555
000101112233224355435544
000101112234223453345554
000101112234223455345534
000101112233233424445555
000101112233233425445554
000101112233233425545544
000101112233243324445555
000101112233243324554455
000101112233243524354455
000101112233244324435555
000101112233245324534455
000101112234233423445555
000101112234233423545554
000101112234233425345554
000101112234253425345534
000101112233422344435555
000101112233422344534555
000101112233422345534455
000101112233423342554455
000101112233423542354455
000101112233425342534455
000101112234523452345534
000101112333222344445555
000101112333222344454555
000101112333222344554455
000101112333222345554445
000101112333223424445555
000101112333223425445554
000101112333223425545544
000101112333224324445555
000101112333224325445554
000101112334223425345554
000101112333223452445554
000101112333224352445554
000101112334223452345554
000101112333234422445555
000101112333234422545554
000101112333244322445555
000101112334233422445555
000101112334233422545554
000101112344233422345555
000101112333234424452555
000101112333234425442555
000101112333234425542554
000101112333234524452455
000101112333243524452455
000101112333243524552445
000101112333244324452555
000101112333244324552455
000101112333244325442555
000101112333245324552445
000101112334233425442555
000101112334233425542554
000101112334234423452555
000101112334234423542555
000101112334235423542554
000101112334253425342554
000101112344233423542555
000101112344233425342555
000101112344234423352555
000101112344234423552355
000101112344234523452355
000101112344235423542355
000101112345234523452345
000102112213233344445555
000102112213233344454555
000102112213233344554455
000102112213233345554445
000102112213243344354555
000102112213243344435555
000102112213243344534555
000102112213244344335555
000102112213244344535553
000102112213244354435553
000102112213244355435543
000102112213245344534553
000102112213423344354555
000102112213423344435555
000102112213423344534555
000102112213423345534455
000102112213425344534553
000102112213425345534453
000102113214322433445555
000102113214322433545554
000102113214322435443555
000102113214322435543554
000102113214324432453555
000102113214324432543555
000102113214325432543554
000102112221333344445555
000102112221333344454555
000102112221333344554455
000102112221333345554445
000102112221333434445555
000102112221333435445554
000102112221333435545544
000102112221333453445554
000102112221333455345544
000102112221334433445555
000102112221334433545554
000102112221334434453555
000102112221334435443555
000102112221334435543554
000102112221334534453455
000102112221334453345554
000102112221344433345555
000102112221344433453555
000102112221344433543555
000102112221344434553355
000102112221344435543355
000102112221344534453355
000102112221345534453345
000102112231233344445555
000102112231233344454555
000102112231233344554455
000102112231233345554445
000102112231233453445554
000102112231233455345544
000102112231243344354555
000102112231243344435555
000102112231243344534555
000102112231423344354555
000102112231423344435555
000102112231423344534555
000102112231423345534455
000102112231423543354455
000102113221324433445555
000102113221324433545554
000102113221324434453555
000102113221324435443555
000102113221324435543554
000102113221324534453455
000102113221332434445555
000102113221332435445554
000102113221332435545544
000102113221332453445554
000102113221342534453455
000102113221342534553445
000102113241324432453555
000102113241324432543555
000102212211333344445555
000102212211333344454555
000102212211333344554455
000102212211333345554445
000102212211333434445555
000102212211333435445554
000102212211333435545544
000102212211333453445554
000102212211333455345544
000102212211334433445555
000102212211334433545554
000102212211334434453555
000102212211334435443555
000102212211334435543554
000102212211334534453455
000102212211334453345554
000102212211344433345555
000102212211344433453555
000102212211344433543555
000102212211344434553355
000102212211344435543355
000102212211344534453355
000102212211345534453345
000102213211324433445555
000102213211324433545554
000102213211324434453555
000102213211324435443555
000102213211324435543554
000102213211324534453455
000102212231333144445555
000102212231333144454555
000102212231333144554455
000102212231333145554445
000102212231433143554455
000102212231433144354555
000102212231443143354555
000102212231443144335555
000102212231443145334555
000102213221333144445555
000102213221333144454555
000102213221333144554455
000102213221333145554445
000102213221334134445555
000102213221334135445554
000102213221334153445554
000102213221344133445555
000102213221344134453555
000102213221344134553455
000102213221344135443555
000102213221345134553445
000102213241324133445555
000102213241324134453555
000102213241324135443555
000102213321332144445555
000102213321332144454555
000102213321332144554455
000102213321332145554445
000102213321342134445555
000102213321342134554455
000102213321432143554455
000102213421342134453555
000102213421342134553455
000102312231233144445555
000102312231233144454555
000102312231233144554455
000102312231233145554445
000102312231243144354555
000102312231423144354555
000102314231423142354555
000120112213233344445555
000120112213233344454555
000120112213233344554455
000120112213233345554445
000120112213243344354555
000120112213243344435555
000120112213243344534555
000120112213244344335555
000120112213244344535553
000120112213244354435553
000120112213244355435543
000120112213245344534553
000120112213423344354555
000120112213423344435555
000120112213423344534555
000120112213423345534455
000120112213425344534553
000120112213425345534453
000120112314233423445555
000120112314233423545554
000120112314233425345554
000120112314234423345555
000120112221333344445555
000120112221333344454555
000120112221333344554455
000120112221333345554445
000120112221333434445555
000120112221333435445554
000120112221333435545544
000120112221333453445554
000120112221333455345544
000120112221334433445555
000120112221334433545554
000120112221334434453555
000120112221334435443555
000120112221334435543554
000120112221334534453455
000120112221334453345554
000120112221344433345555
000120112221344433453555
000120112221344433543555
000120112221344434553355
000120112221344435543355
000120112221344534453355
000120112221345534453345
000120112231233344445555
000120112231233344454555
000120112231233344554455
000120112231233345554445
000120112231233453445554
000120112231233455345544
000120112231243344354555
000120112231243344435555
000120112231243344534555
000120112231423344354555
000120112231423344435555
000120112231423344534555
000120112231423345534455
000120112231423543354455
000120112331223344445555
000120112331223344454555
000120112331223344554455
000120112331223345554445
000120112331223455345544
000120112331233424445555
000120112331233425445554
000120112331233425545544
000120112331234423445555
000120112331234423545554
000120112331243324445555
000120112331243324554455
000120112331243524354455
000120112341234423345555
000120312231233144445555
000120312231233144454555
000120312231233144554455
000120312231233145554445
000120312231243144354555
000120312231423144354555
000120312331223144445555
000120312331223144454555
000120312331223144554455
000120312331223145554445
000120312331234124445555
000120312331234125445554
000120312331243124445555
000120312331243124554455
000122012211333344445555
000122012211333344454555
000122012211333344554455
000122012211333345554445
000122012211333434445555
000122012211333435445554
000122012211333435545544
000122012211333453445554
000122012211333455345544
000122012211334433445555
000122012211334433545554
000122012211334434453555
000122012211334435443555
000122012211334435543554
000122012211334534453455
000122012211334453345554
000122012211344433345555
000122012211344433453555
000122012211344433543555
000122012211344434553355
000122012211344435543355
000122012211344534453355
000122012211345534453345
000122012311233344445555
000122012311233344454555
000122012311233344554455
000122012311233345554445
000122012311233453445554
000122012311233455345544
000122012311234433445555
000122012311234433545554
000122012311234453345554
000122013211324433445555
000122013211324433545554
000122013211324434453555
000122013211324435443555
000122013211324435543554
000122013211324534453455
000123012311233424445555
000123012311233425445554
000123012311233425545544
000123012311234423445555
000123012311234423545554
000122012231333144445555
000122012231333144454555
000122012231333144554455
000122012231333145554445
000122012231433143554455
000122012231433144354555
000122012231443143354555
000122012231443144335555
000122012231443145334555
000122012331233144445555
000122012331233144454555
000122012331233144554455
000122012331233145554445
000122012331234153445554
000122012331243144354555
000122012341234133445555
000122013221333144445555
000122013221333144454555
000122013221333144554455
000122013221333145554445
000122013221334134445555
000122013221334135445554
000122013221334153445554
000122013221344133445555
000122013221344134453555
000122013221344134553455
000122013221344135443555
000122013221345134553445
000122013241324133445555
000122013241324134453555
000122013241324135443555
000123012331223144445555
000123012331223144454555
000123012331223144554455
000123012331223145554445
000123012331234124445555
000123012331234125445554
000123012331243124445555
000123012331243124554455
000123012341234123445555
001100112222333344445555
001100112222333344454555
001100112222333344554455
001100112222333345554445
001100112222333434445555
001100112222333435445554
001100112222333435545544
001100112222333453445554
001100112222333455345544
001100112222334433445555
001100112222334433545554
001100112222334434453555
001100112222334435443555
001100112222334435543554
001100112222334534453455
001100112222334453345554
001100112222344433345555
001100112222344433453555
001100112222344433543555
001100112222344434553355
001100112222344435543355
001100112222344534453355
001100112222345534453345
001100112223233344445555
001100112223233344454555
001100112223233344554455
001100112223233345554445
001100112223243344354555
001100112223243344435555
001100112223243344534555
001100112223244344335555
001100112223244344535553
001100112223244354435553
001100112223244355435543
001100112223245344534553
001100112223423344354555
001100112223423344435555
001100112223423344534555
001100112223423345534455
001100112223425344534553
001100112223425345534453
001100112223442344335555
001100112223442345334555
001100112223442344535553
001100112223442345534553
001100112223442354435553
001100112223452345534453
001100112233223344445555
001100112233223344454555
001100112233223344554455
001100112233223345554445
001100112233223455345544
001100112233224344435555
001100112233224355435544
001100112234223453345554
001100112234223455345534
001100112233233424445555
001100112233233425445554
001100112233233425545544
001100112233243324445555
001100112233243324554455
001100112233243524354455
001100112233244324435555
001100112233245324534455
001100112234233423445555
001100112234233423545554
001100112234233425345554
001100112234253425345534
001100112233422344435555
001100112233422344534555
001100112233422345534455
001100112233423342554455
001100112233423542354455
001100112233425342534455
001100112234523452345534
001100112333222344445555
001100112333222344454555
001100112333222344554455
001100112333222345554445
001100112333223424445555
001100112333223425445554
001100112333223425545544
001100112333224324445555
001100112333224325445554
001100112334223425345554
001100112333223452445554
001100112333224352445554
001100112334223452345554
001100112333234422445555
001100112333234422545554
001100112333244322445555
001100112334233422445555
001100112334233422545554
001100112344233422345555
001100112333234424452555
001100112333234425442555
001100112333234425542554
001100112333234524452455
001100112333243524452455
001100112333243524552445
001100112333244324452555
001100112333244324552455
001100112333244325442555
001100112333245324552445
001100112334233425442555
001100112334233425542554
001100112334234423452555
001100112334234423542555
001100112334235423542554
001100112334253425342554
001100112344233423542555
001100112344233425342555
001100112344234423352555
001100112344234423552355
001100112344234523452355
001100112344235423542355
001100112345234523452345
001100123312332244445555
001100123312332244454555
001100123312332244554455
001100123312332245554445
001100123312342234445555
001100123312342234554455
001100123312432243554455
001100123412342234453555
001100123412342234553455
001100123312334244425555
001100123312334255425544
001100123312344234425555
001100123312345234524455
001100123312433244425555
001100123312433244524555
001100123312433245524455
001100123312435243524455
001100123412344233425555
001100123412344234523555
001100123412344235423555
001100123412345234523455
001100212221333344445555
001100212221333344454555
001100212221333344554455
001100212221333345554445
001100212221333434445555
001100212221333435445554
001100212221333435545544
001100212221333453445554
001100212221333455345544
001100212221334433445555
001100212221334433545554
001100212221334434453555
001100212221334435443555
001100212221334435543554
001100212221334534453455
001100212221334453345554
001100212221344433345555
001100212221344433453555
001100212221344433543555
001100212221344434553355
001100212221344435543355
001100212221344534453355
001100212221345534453345
001100213221324433445555
001100213221324433545554
001100213221324434453555
001100213221324435443555
001100213221324435543554
001100213221324534453455
001100213221332434445555
001100213221332435445554
001100213221332435545544
001100213221332453445554
001100213221342534453455
001100213221342534553445
001100213321322434445555
001100213321322435445554
001100213321322435545544
001100213321332244445555
001100213321332244454555
001100213321332244554455
001100213321332245554445
001100213321342234445555
001100213321342234554455
001100213321432243554455
001100213421342234453555
001100213421342234553455
001100213321332455245544
001100213321342534254455
001100213321432543254455
001100213421342534253455
001200123112333244445555
001200123112333244454555
001200123112333244554455
001200123112333245554445
001200123112334234445555
001200123112334235445554
001200123112334253445554
001200123112344233445555
001200123112344234453555
001200123112344234553455
001200123112344235443555
001200123112345234553445
001200123312331244445555
001200123312331244454555
001200123312331244554455
001200123312331245554445
001200123312341234445555
001200123312341234554455
001200123312431243554455
001200123412341234453555
001200123412341234553455
001101120222333344445555
001101120222333344454555
001101120222333344554455
001101120222333345554445
001101120222333434445555
001101120222333435445554
001101120222333435545544
001101120222333453445554
001101120222333455345544
001101120222334433445555
001101120222334433545554
001101120222334434453555
001101120222334435443555
001101120222334435543554
001101120222334534453455
001101120222334453345554
001101120222344433345555
001101120222344433453555
001101120222344433543555
001101120222344434553355
001101120222344435543355
001101120222344534453355
001101120222345534453345
001101120322332434445555
001101120322332435445554
001101120322332435545544
001101120322332453445554
001101120322432543354455
001101120322333244445555
001101120322333244454555
001101120322333244554455
001101120322333245554445
001101120322334234445555
001101120322334235445554
001101120322334253445554
001101120322433243554455
001101120322433244354555
001101120332332244445555
001101120332332244454555
001101120332332244554455
001101120332332245554445
001101120332432243554455
001101120332334244425555
001101120332334255425544
001101120332433244425555
001101120332433244524555
001101120332433245524455
001101120332435243524455
001101120332443244325555
001101120332443245324555
001101120342334234425555
001102110222333344445555
001102110222333344454555
001102110222333344554455
001102110222333345554445
001102110222333434445555
001102110222333435445554
001102110222333435545544
001102110222333453445554
001102110222333455345544
001102110222334433445555
001102110222334433545554
001102110222334434453555
001102110222334435443555
001102110222334435543554
001102110222334534453455
001102110222334453345554
001102110222344433345555
001102110222344433453555
001102110222344433543555
001102110222344434553355
001102110222344435543355
001102110222344534453355
001102110222345534453345
001102110223423344354555
001102110223423344435555
001102110223423344534555
001102110223423345534455
001102110223425344534553
001102110223425345534453
001102110223442344335555
001102110223442345334555
001102110223442344535553
001102110223442345534553
001102110223442354435553
001102110223452345534453
001102110233223344445555
001102110233223344454555
001102110233223344554455
001102110233223345554445
001102110233223455345544
001102110233224344435555
001102110233224355435544
001102110234223453345554
001102110234223455345534
001102110233422344435555
001102110233422344534555
001102110233422345534455
001102110233423342554455
001102110233423542354455
001102110233425342534455
001102110234523452345534
001102130213223344445555
001102130213223344454555
001102130213223344554455
001102130213223345554445
001102130213224344435555
001102130213224355435544
001102130213422344435555
001102130213422344534555
001102130213422345534455
001102130213423342554455
001102130213425342534455
001102210221333344445555
001102210221333344454555
001102210221333344554455
001102210221333345554445
001102210221333434445555
001102210221333435445554
001102210221333435545544
001102210221333453445554
001102210221333455345544
001102210221334433445555
001102210221334433545554
001102210221334434453555
001102210221334435443555
001102210221334435543554
001102210221334534453455
001102210221334453345554
001102210221344433345555
001102210221344433453555
001102210221344433543555
001102210221344434553355
001102210221344435543355
001102210221344534453355
001102210221345534453345
001102210231423344354555
001102210231423344435555
001102210231423344534555
001102210231423345534455
001102210231423543354455
001102210321332434445555
001102210321332435445554
001102210321332435545544
001102210321332453445554
001102210321432543354455
001102310231223344445555
001102310231223344454555
001102310231223344554455
001102310231223345554445
001102310231223455345544
001102310231423342554455
001102310231423542354455
001201120122333344445555
001201120122333344454555
001201120122333344554455
001201120122333345554445
001201120122333434445555
001201120122333435445554
001201120122333435545544
001201120122333453445554
001201120122333455345544
001201120122334433445555
001201120122334433545554
001201120122334434453555
001201120122334435443555
001201120122334435543554
001201120122334534453455
001201120122334453345554
001201120122344433345555
001201120122344433453555
001201120122344433543555
001201120122344434553355
001201120122344435543355
001201120122344534453355
001201120122345534453345
001201120132333244445555
001201120132333244454555
001201120132333244554455
001201120132333245554445
001201120132433243554455
001201120132433244354555
001201120132443243354555
001201120132443244335555
001201120132443245334555
001201120312333244445555
001201120312333244454555
001201120312333244554455
001201120312333245554445
001201120312334234445555
001201120312334235445554
001201120312334253445554
001201120312433243554455
001201120312433244354555
001203120312331244445555
001203120312331244454555
001203120312331244554455
001203120312331245554445
001203120312431243554455
001120012221333344445555
001120012221333344454555
001120012221333344554455
001120012221333345554445
001120012221333434445555
001120012221333435445554
001120012221333435545544
001120012221333453445554
001120012221333455345544
001120012221334433445555
001120012221334433545554
001120012221334434453555
001120012221334435443555
001120012221334435543554
001120012221334534453455
001120012221334453345554
001120012221344433345555
001120012221344433453555
001120012221344433543555
001120012221344434553355
001120012221344435543355
001120012221344534453355
001120012221345534453345
001120012231233344445555
001120012231233344454555
001120012231233344554455
001120012231233345554445
001120012231233453445554
001120012231233455345544
001120012231243344354555
001120012231243344435555
001120012231243344534555
001120012231423344354555
001120012231423344435555
001120012231423344534555
001120012231423345534455
001120012231423543354455
001120012331223344445555
001120012331223344454555
001120012331223344554455
001120012331223345554445
001120012331223455345544
001120012331233424445555
001120012331233425445554
001120012331233425545544
001120012331234423445555
001120012331234423545554
001120012331243324445555
001120012331243324554455
001120012331243524354455
001120012341234423345555
001120112033223344445555
001120112033223344454555
001120112033223344554455
001120112033223345554445
001120112033223455345544
001120112033224344435555
001120112033224355435544
001120112034223453345554
001120112034223455345534
001120112033233424445555
001120112033233425445554
001120112033233425545544
001120112033243324445555
001120112033243324554455
001120112033243524354455
001120112033244324435555
001120112033245324534455
001120112034233423445555
001120112034233423545554
001120112034233425345554
001120112034253425345534
001120132013223344445555
001120132013223344454555
001120132013223344554455
001120132013223345554445
001120132013224344435555
001120132013224355435544
001120132013243324445555
001120132013243324554455
001120132013244324435555
001120132013245324534455
001120312031223344445555
001120312031223344454555
001120312031223344554455
001120312031223345554445
001120312031223455345544
001120312031233424445555
001120312031233425445554
001120312031233425545544
001120312031243324445555
001120312031243324554455
001120312031243524354455
001230123012331244445555
001230123012331244454555
001230123012331244554455
001230123012331245554445
001230123012341234445555
001230123012341234554455
011100012222333344445555
011100012222333344454555
011100012222333344554455
011100012222333345554445
011100012222333434445555
011100012222333435445554
011100012222333435545544
011100012222333453445554
011100012222333455345544
011100012222334433445555
011100012222334433545554
011100012222334434453555
011100012222334435443555
011100012222334435543554
011100012222334534453455
011100012222334453345554
011100012222344433345555
011100012222344433453555
011100012222344433543555
011100012222344434553355
011100012222344435543355
011100012222344534453355
011100012222345534453345
011100012223233344445555
011100012223233344454555
011100012223233344554455
011100012223233345554445
011100012223243344354555
011100012223243344435555
011100012223243344534555
011100012223244344335555
011100012223244344535553
011100012223244354435553
011100012223244355435543
011100012223245344534553
011100012223423344354555
011100012223423344435555
011100012223423344534555
011100012223423345534455
011100012223425344534553
011100012223425345534453
011100012223442344335555
011100012223442345334555
011100012223442344535553
011100012223442345534553
011100012223442354435553
011100012223452345534453
011100012233223344445555
011100012233223344454555
011100012233223344554455
011100012233223345554445
011100012233223455345544
011100012233224344435555
011100012233224355435544
011100012234223453345554
011100012234223455345534
011100012233233424445555
011100012233233425445554
011100012233233425545544
011100012233243324445555
011100012233243324554455
011100012233243524354455
011100012233244324435555
011100012233245324534455
011100012234233423445555
011100012234233423545554
011100012234233425345554
011100012234253425345534
011100012233422344435555
011100012233422344534555
011100012233422345534455
011100012233423342554455
011100012233423542354455
011100012233425342534455
011100012234523452345534
011100012333222344445555
011100012333222344454555
011100012333222344554455
011100012333222345554445
011100012333223424445555
011100012333223425445554
011100012333223425545544
011100012333224324445555
011100012333224325445554
011100012334223425345554
011100012333223452445554
011100012333224352445554
011100012334223452345554
011100012333234422445555
011100012333234422545554
011100012333244322445555
011100012334233422445555
011100012334233422545554
011100012344233422345555
011100012333234424452555
011100012333234425442555
011100012333234425542554
011100012333234524452455
011100012333243524452455
011100012333243524552445
011100012333244324452555
011100012333244324552455
011100012333244325442555
011100012333245324552445
011100012334233425442555
011100012334233425542554
011100012334234423452555
011100012334234423542555
011100012334235423542554
011100012334253425342554
011100012344233423542555
011100012344233425342555
011100012344234423352555
011100012344234423552355
011100012344234523452355
011100012344235423542355
011100012345234523452345
011100120222333344445555
011100120222333344454555
011100120222333344554455
011100120222333345554445
011100120222333434445555
011100120222333435445554
011100120222333435545544
011100120222333453445554
011100120222333455345544
011100120222334433445555
011100120222334433545554
011100120222334434453555
011100120222334435443555
011100120222334435543554
011100120222334534453455
011100120222334453345554
011100120222344433345555
011100120222344433453555
011100120222344433543555
011100120222344434553355
011100120222344435543355
011100120222344534453355
011100120222345534453345
011100120322332434445555
011100120322332435445554
011100120322332435545544
011100120322332453445554
011100120322432543354455
011100120322333244445555
011100120322333244454555
011100120322333244554455
011100120322333245554445
011100120322334234445555
011100120322334235445554
011100120322334253445554
011100120322433243554455
011100120322433244354555
011100120332332244445555
011100120332332244454555
011100120332332244554455
011100120332332245554445
011100120332432243554455
011100120332334244425555
011100120332334255425544
011100120332433244425555
011100120332433244524555
011100120332433245524455
011100120332435243524455
011100120332443244325555
011100120332443245324555
011100120342334234425555
011100210222333344445555
011100210222333344454555
011100210222333344554455
011100210222333345554445
011100210222333434445555
011100210222333435445554
011100210222333435545544
011100210222333453445554
011100210222333455345544
011100210222334433445555
011100210222334433545554
011100210222334434453555
011100210222334435443555
011100210222334435543554
011100210222334534453455
011100210222334453345554
011100210222344433345555
011100210222344433453555
011100210222344433543555
011100210222344434553355
011100210222344435543355
011100210222344534453355
011100210222345534453345
011100210223423344354555
011100210223423344435555
011100210223423344534555
011100210223423345534455
011100210223425344534553
011100210223425345534453
011100210223442344335555
011100210223442345334555
011100210223442344535553
011100210223442345534553
011100210223442354435553
011100210223452345534453
011100210322332434445555
011100210322332435445554
011100210322332435545544
011100210322332453445554
011100210322432543354455
011100210322333244445555
011100210322333244454555
011100210322333244554455
011100210322333245554445
011100210322334234445555
011100210322334235445554
011100210322334253445554
011100210322433243554455
011100210322433244354555
011100210324332435245554
011100210324332453245554
011200120312333244445555
011200120312333244454555
011200120312333244554455
011200120312333245554445
011200120312334234445555
011200120312334235445554
011200120312334253445554
011200120312433243554455
011200120312433244354555
011100123022332434445555
011100123022332435445554
011100123022332435545544
011100123022332453445554
011100123022342534453455
011100123022342534553445
011100123022333244445555
011100123022333244454555
011100123022333244554455
011100123022333245554445
011100123022334234445555
011100123022334235445554
011100123022334253445554
011100123022344233445555
011100123022344234453555
011100123022344234553455
011100123022344235443555
011100123022345234553445
011100123042334234425555
011100123042344233425555
011100123042344234523555
011100123042344235423555
011100213022332434445555
011100213022332435445554
011100213022332435545544
011100213022332453445554
011100213022342534453455
011100213022342534553445
011100213022333244445555
011100213022333244454555
011100213022333244554455
011100213022333245554445
011100213022334234445555
011100213022334235445554
011100213022334253445554
011100213022344233445555
011100213022344234453555
011100213022344234553455
011100213022344235443555
011100213022345234553445
011100213024322433445555
011100213024322433545554
011100213024322435443555
011100213024322435543554
011100213024332435245554
011100213024332453245554
011100213024352435243554
011200123012333244445555
011200123012333244454555
011200123012333244554455
011200123012333245554445
011200123012334234445555
011200123012334235445554
011200123012334253445554
011200123012344233445555
011200123012344234453555
011200123012344234553455
011200123012344235443555
011200123012345234553445
011101220022333344445555
011101220022333344454555
011101220022333344554455
011101220022333345554445
011101220022333434445555
011101220022333435445554
011101220022333435545544
011101220022333453445554
011101220022333455345544
011101220022334433445555
011101220022334433545554
011101220022334434453555
011101220022334435443555
011101220022334435543554
011101220022334534453455
011101220022334453345554
011101220022344433345555
011101220022344433453555
011101220022344433543555
011101220022344434553355
011101220022344435543355
011101220022344534453355
011101220022345534453345
011101220023442344335555
011101220023442345334555
011101220023442344535553
011101220023442345534553
011101220023442354435553
011101220023452345534453
011101220032333244445555
011101220032333244454555
011101220032333244554455
011101220032333245554445
011101220032433243554455
011101220032433244354555
011101220032443243354555
011101220032443244335555
011101220032443245334555
011101230023422344435555
011101230023422344534555
011101230023422345534455
011101230023442344235555
011101230023442345234555
011102210022333344445555
011102210022333344454555
011102210022333344554455
011102210022333345554445
011102210022333434445555
011102210022333435445554
011102210022333435545544
011102210022333453445554
011102210022333455345544
011102210022334433445555
011102210022334433545554
011102210022334434453555
011102210022334435443555
011102210022334435543554
011102210022334534453455
011102210022334453345554
011102210022344433345555
011102210022344433453555
011102210022344433543555
011102210022344434553355
011102210022344435543355
011102210022344534453355
011102210022345534453345
011102210023442344335555
011102210023442345334555
011102210023442344535553
011102210023442345534553
011102210023442354435553
011102210023452345534453
011201120022333344445555
011201120022333344454555
011201120022333344554455
011201120022333345554445
011201120022333434445555
011201120022333435445554
011201120022333435545544
011201120022333453445554
011201120022333455345544
011201120022334433445555
011201120022334433545554
011201120022334434453555
011201120022334435443555
011201120022334435543554
011201120022334534453455
011201120022334453345554
011201120022344433345555
011201120022344433453555
011201120022344433543555
011201120022344434553355
011201120022344435543355
011201120022344534453355
011201120022345534453345
011201120032333244445555
011201120032333244454555
011201120032333244554455
011201120032333245554445
011201120032433243554455
011201120032433244354555
011201120032443243354555
011201120032443244335555
011201120032443245334555
012201120012333344445555
012201120012333344454555
012201120012333344554455
012201120012333345554445
012201120012333434445555
012201120012333435445554
012201120012333435545544
012201120012333453445554
012201120012333455345544
012201120012334433445555
012201120012334433545554
012201120012334434453555
012201120012334435443555
012201120012334435543554
012201120012334534453455
012201120012334453345554
012201120012344433345555
012201120012344433453555
012201120012344433543555
012201120012344434553355
012201120012344435543355
012201120012344534453355
012201120012345534453345
011101220223033344445555
011101220223033344454555
011101220223033344554455
011101220223033345554445
011101220223043344354555
011101220223043344435555
011101220223043344534555
011101220223044344335555
011101220223044344535553
011101220223044354435553
011101220223044355435543
011101220223045344534553
011101220322033344445555
011101220322033344454555
011101220322033344554455
011101220322033345554445
011101220322033453445554
011101220322033455345544
011101220322034433445555
011101220322034433545554
011101220322034453345554
011101220324032433445555
011101220324032433545554
011101220324032453345554
011101220332033244445555
011101220332033244454555
011101220332033244554455
011101220332033245554445
011101220332034253445554
011101220332043244354555
011101220342034233445555
011101230223023344445555
011101230223023344454555
011101230223023344554455
011101230223023345554445
011101230223024344435555
011101230223024355435544
011101230223042344435555
011101230223042344534555
011101230423042344235555
011102130223023344445555
011102130223023344454555
011102130223023344554455
011102130223023345554445
011102130223024344435555
011102130223024355435544
011102130223042344435555
011102130223042344534555
011102130233022344445555
011102130233022344454555
011102130233022344554455
011102130233022345554445
011102130233023452445554
011102130233024352445554
011102210223033344445555
011102210223033344454555
011102210223033344554455
011102210223033345554445
011102210223043344354555
011102210223043344435555
011102210223043344534555
011102210223044344335555
011102210223044344535553
011102210223044354435553
011102210223044355435543
011102210223045344534553
011102210233023344445555
011102210233023344454555
011102210233023344554455
011102210233023345554445
011102210233023455345544
011102210233024344435555
011102210233024355435544
011102210234023453345554
011102210234023455345534
011102210322033344445555
011102210322033344454555
011102210322033344554455
011102210322033345554445
011102210322033453445554
011102210322033455345544
011102210322034433445555
011102210322034433545554
011102210322034453345554
011102210324032433445555
011102210324032433545554
011102210324032453345554
011102310233022344445555
011102310233022344454555
011102310233022344554455
011102310233022345554445
011102310233023452445554
011102310233024352445554
011102310234023452345554
011201120322033344445555
011201120322033344454555
011201120322033344554455
011201120322033345554445
011201120322033453445554
011201120322033455345544
011201120322034433445555
011201120322034433545554
011201120322034453345554
011201120332033244445555
011201120332033244454555
011201120332033244554455
011201120332033245554445
011201120332034253445554
011201120332043244354555
011201120342034233445555
011201220123033344445555
011201220123033344454555
011201220123033344554455
011201220123033345554445
011201220123043344354555
011201220123043344435555
011201220123043344534555
011201220123044344335555
011201220123044344535553
011201220123044354435553
011201220123044355435543
011201220123045344534553
011201220132033344445555
011201220132033344454555
011201220132033344554455
011201220132033345554445
011201220132033453445554
011201220132033455345544
011201220132043344354555
011201220132043344435555
011201220132043344534555
011201320132033244445555
011201320132033244454555
011201320132033244554455
011201320132033245554445
011201320132043244354555
011203120312033244445555
011203120312033244454555
011203120312033244554455
011203120312033245554445
011203120312034253445554
012201120132033344445555
012201120132033344454555
012201120132033344554455
012201120132033345554445
012201120132033453445554
012201120132033455345544
012201120132043344354555
012201120132043344435555
012201120132043344534555
012201120312033344445555
012201120312033344454555
012201120312033344554455
012201120312033345554445
012201120312033453445554
012201120312033455345544
012201120312034433445555
012201120312034433545554
012201120312034453345554
012201220113033344445555
012201220113033344454555
012201220113033344554455
012201220113033345554445
012201220113043344354555
012201220113043344435555
012201220113043344534555
012201220113044344335555
012201220113044344535553
012201220113044354435553
012201220113044355435543
012201220113045344534553
012201220133013344445555
012201220133013344454555
012201220133013344554455
012201220133013345554445
012201220133013455345544
012201220133014344435555
012201220133014355435544
012201220134013453345554
012201220134013455345534
012201230123013344445555
012201230123013344454555
012201230123013344554455
012201230123013345554445
012201230123014344435555
012201230123014355435544
012201320132013344445555
012201320132013344454555
012201320132013344554455
012201320132013345554445
012201320132013455345544
012301230123012344445555
012301230123012344454555
012301230123012344554455
012301230123012345554445
