0000111213223332
0000111213323322
0000111231223332
0000111233123322
0000112211323332
0000112212231333
0000112213221333
0000112213321332
0000112312231233
0000112231123332
0000122211231333
0000122211321333
0000122212331133
0000122213321133
0000122312231133
0000123312231123
0001011123332223
0001021122213333
0001021122312333
0001022122113333
0001022122313331
0001022132213331
0001022133213321
0001023122312331
0001201122132333
0001201122213333
0001201122312333
0001201123312233
0001203122312331
0001203123312231
0001220122113333
0001220123112333
0001220122313331
0001220123312331
0001220132213331
0001230123312231
0011002122213333
0012001231123332
0011011202223333
0011011203223332
0011021102223333
0011022102213333
0011023102312233
0012011201223333
0012011201323332
0012011203123332
0011200122213333
0011200122312333
0011201320132233
0111000122232333
0111001202223333
0111001203223332
0111001203323322
0111002102223333
0111002103223332
0112001203123332
0111001230223332
0112001230123332
0111012200223333
0111012200323332
0111022100223333
0112011200223333
0112011200323332
0122011200123333
0111012202230333
0111012203220333
0111012203320332
0111012302230233
0111021302230233
0111021302330223
0111022102230333
0111022102330233
0111022103220333
0111023102330223
0112011203220333
0112012201230333
0112012201320333
0122011201320333
0122011203120333
0122012201130333
