00001221112344423334
00001221113224433344
00001231112334422344
00001222112331433444
00001222113321433444
00001233112331422444
00001222112334133444
00001222112344133344
00001222113244133344
00001222113324133444
00001223112334123444
00001233112334122444
00001233312341122444
00001222312433144431
00001222312443144331
00001222314233144431
00001222314423144331
00001223312243144431
00001223312334124441
00001223312433124441
00001223312443124431
00001223412334123441
00001223314223144431
00001233312234124441
00001233312243124441
00001233312344122441
00001233312443122441
00001233412334122441
00001234412334122341
00011021132223344443
00011021132233324444
00011021132243324443
00011022112233344443
00011023112233324444
00011022132241344433
00011022134221344433
00011022134421344233
00011022213324133444
00011022213342133444
00011022312243144433
00011022314223144433
00011023312233124444
00011023412234123344
00012011123342233444
00012011123444233342
00012031123331244442
00012031123341234442
00012033123311244442
00011201132223344443
00011201132233324444
00011201132243324443
00011201132443322443
00011203112233324444
00011203112333422444
00011203142331422344
00011203312233124444
00011203412234123344
00011203312334122444
00012301123312234444
00012301123314234442
00012301123331244442
00012301123341234442
00012301123441233442
00011220112333423444
00011230112333422444
00011220132241344433
00011220134221344433
00011230142331422344
00011220312243144433
00011220312333124444
00011220312443124433
00011220314223144433
00012330123311244442
00012330123411234442
00111001223444233342
00111001234222344433
00111002132223344443
00111002134222344433
00111002213332234444
00111002312223344443
00112003123331244442
00122001123331234444
00122001324113244433
00111021330222344443
00111021330233422444
00111021330243322444
00111021330244322443
00111022130223344443
00111022130422344433
00111023140234422334
00111022210234433344
00111022210324433344
00111022310223344443
00111023310233422444
00111023310243322444
00111023410234422334
00112011220344233344
00112011320333244442
00112011320433244432
00112031120333244442
00112033120331244442
00112034120341233442
00122011220133344443
00122011320143244433
00123011230122344443
00122011320413244433
00122031120314233444
00122031120341233444
00122031220311433444
00122031420314233144
00111200132223344443
00111200132233324444
00111200132243324443
00111200132244324433
00111200312223344443
00111200312233324444
00111200312243324443
00112300123331244442
00112300123341234442
00111201332033422444
00111201332043322444
00111201342033422344
00111203142033422344
00111203312033422444
00111203312034422344
00111203312043322444
00112301123042233444
00112301223012433444
00112301223014233444
00112301423014233442
00122301243012433144
01111000223322433444
01111000223334234442
01111000234422344233
01112000123332234444
01112000123334234442
01111002220324433344
01111002220332433444
01111002220334233444
01111002220344233344
01111002230422344433
01111002330422344423
01112001220332433444
01112001220334233444
01112001220344233344
01112001320333244442
01112001320433244432
01112001320443244332
01112003120333244442
01112003120433244432
01122001120334233444
01122001230412344433
01111002223024433344
01111002223044233344
01111002234022344433
01112001223044233344
01112001324033244432
01122001234012344433
01111022230042344433
01112012220033344443
01112013320033244442
01112013320043244432
01112033120033244442
01122011230042344433
01123011230022344443
01222011120034433344
01222011230013344443
01223011230012344443
01111022230243304443
01111022230244304433
01111022230423304443
01111022230442304433
01111022330224304443
01111022330233402444
01111022330243302444
01111022330244302443
01111022340233402344
01111022330422304443
01111023330223402444
01111023330224302444
01111023330234402244
01111023330244302244
01111023340233402244
01111023440233402234
01112012220344403334
01112013220333204444
01112013220334203444
01112013320332204444
01112031220332403444
01112031220333204444
01112031220334203444
01112031220344203344
01112033120332204444
01112033120342203444
01122011320333204444
01122012230133304444
01122012230143304443
01122013220133304444
01122013320133204444
01122013420134203344
01123012230123304444
01122031120333204444
01122031120334203444
01122031240312403344
01222011120333403444
01222011230133304444
01222011230143304443
01222011230144304433
01222011320133304444
01222011320143304443
01222011230413304443
01222012330113304444
01222012330114304443
01222013320113304444
01223012230113304444
01233012230112304444
