000011222113244333445555
000011222113244533445553
000011222113245533444553
000011222113244443555533
000011222113244553445533
000011222113245553444533
000011222113425533444553
000011222113425553444533
000011222113442333445555
000011222113442533445553
000011222113442553445533
000011223114223334555544
000011223114233344255554
000011223114233444235555
000011223114233544235554
000011223114233554235544
000011223114253334255544
000011233114223344255554
000011233114233444225555
000011233114233544225554
000011233114233554225544
000011222211333344555544
000011222211333444355554
000011222211333455344455
000011222211334444335555
000011222211334445334555
000011222211334455334455
000011222211334555334445
000011222211344445333555
000011222211344455333455
000011222311233344555544
000011222311243335444555
000011222311243355444355
000011222311244333445555
000011222311244355443355
000011222311423335444555
000011222311423355444355
000011222311442333445555
000011222311442355443355
000011223311223344555544
000011223311224335444555
000011223311224355444355
000011223311233444255554
000011223311233455244455
000011223311243355244455
000011223311244335244555
000011223311244355244355
000011223411233444235555
000011223411233455234455
000011223311422335444555
000011223311422355444355
000011233311222344555544
000011233311223444255554
000011233311223455244455
000011233311224355244455
000011233311234444225555
000011233311234445224555
000011233311234455224455
000011233311234555224445
000011233311244355224455
000011233411233444225555
000011233411233455224455
000011234411233445223555
000011234411233455223455
000011222213444413555533
000011222213444513455533
000011222213445513445533
000011222213455513444533
000011222314233314555544
000011222314253314555344
000011222314255314553344
000011222314523314555344
000011222314552314553344
000011223314223314555544
000011223314225314555344
000011223314233514255544
000011223314253314255544
000011223314255314255344
000011223415233415234455
000011223314522314555344
000011233314222314555544
000011233314223514255544
000011233314225314255544
000011233314235514225544
000011233314255314225544
000011233415233415224455
000011234415233415223455
000011222231443331445555
000011222231444431555533
000011222231444531455533
000011222231445531445533
000011222231455531444533
000011222331243351444555
000011222331244331445555
000011222341233341555544
000011222341253341555344
000011222341255341553344
000011222331423351444555
000011222341523341555344
000011222331442331445555
000011222341552341553344
000011223331223441555544
000011223331224351444555
000011223331224531444555
000011223341223341555544
000011223341225341555344
000011223331243551244455
000011223331244351244555
000011223331244431245555
000011223331244531244555
000011223341233541255544
000011223341253341255544
000011223341255341255344
000011223441233441235555
000011223451233451234455
000011223331422351444555
000011223331422531444555
000011223341522341555344
000011233331222441555544
000011233341222341555544
000011233331224451244555
000011233331224551244455
000011233341223541255544
000011233341225341255544
000011233331244441225555
000011233331244451224555
000011233331244551224455
000011233341234441225555
000011233341235541225544
000011233341255341225544
000011233441233441225555
000011233451233451224455
000011234441233341225555
000011234441233451223555
000011234441233541223555
000011234451233451223455
000012331112334522444555
000012331112344422345555
000012331112344522344555
000012331112433522444555
000012341112344422335555
000012341112344522334555
000012331112334442555542
000012331112334552444552
000012331112344442355552
000012331112344452345552
000012331112344552344552
000012331112345552344452
000012331112433552444552
000012341112344452335552
000012341112344552334552
000012333112344122445555
000012333112443122445555
000012334112344122345555
000012344112344122335555
000012333112344152445552
000012333112443152445552
000012334112344152345552
000012344112344152335552
000012333112344512445552
000012333112345512444552
000012333112435512444552
000012333112443512445552
000012334112344412355552
000012334112344512345552
000012344112334412355552
000012344112344512335552
000012333312444112455552
000012333312445112445552
000012334412344112355552
000012344412334112355552
000012344412345112335552
000012333312444412555512
000012333312444512455512
000012333312445512445512
000012333312455512444512
000012333412344412555512
000012333412354412555412
000012333412355412554412
000012333412534412555412
000012333412553412554412
000012334412334412555512
000012334412335412555412
000012334412344512355512
000012334412354412355512
000012334412355412355412
000012334512344512345512
000012334412533412555412
000012344412333412555512
000012344412334512355512
000012344412335412355512
000012344412345512335512
000012344412355412335512
000012344512344512335512
000012345512344512334512
000111022133224335444555
000111022133224533444555
000111022133224443555543
000111022133224553444553
000111022134223334555544
000111022134225334555344
000111022133422335444555
000111022133422533444555
000111022133422553444553
000111022134522334555344
000111022133442233445555
000111022133442253445553
000111022133442335442555
000111022133442533442555
000111022133442553442553
000111022134552334552344
000111023144223334255554
000111023144223445233555
000111023144223544233555
000111023144223554233554
000111023145223445233455
000111022213425533444553
000111022213425553444533
000111022213442333445555
000111022213442533445553
000111022213442553445533
000111022213444233455553
000111022213445233445553
000111022314223334555544
000111022314225334555344
000111022314225344555334
000111022314522334555344
000111022314522344555334
000111022314552334552344
000111022314552344552334
000111023314222334555544
000111023314223344255554
000111023314225334255544
000111023415223445233455
000111023415223455233445
000111022221333344555544
000111022221333444355554
000111022221333455344455
000111022221334444335555
000111022221334445334555
000111022221334455334455
000111022221334555334445
000111022221344445333555
000111022221344455333455
000111022231423335444555
000111022231425533444553
000111022231442333445555
000111022231442533445553
000111022231444233455553
000111022231445233445553
000111022331223344555544
000111022331224335444555
000111022331224355444355
000111022331224533444555
000111022341225344555334
000111022331422335444555
000111022331422355444355
000111022331422533444555
000111022341522344555334
000111022331442233445555
000111022331442335442555
000111022331442355442355
000111022331442533442555
000111022341552344552334
000111023331222344555544
000111023331223444255554
000111023331223455244455
000111023331224355244455
000111023331224435244555
000111023341223344255554
000111023441223445233555
000111023441223455233455
000111023441223544233555
000111023451223455233445
000111023331422235444555
000112031122334425344555
000112031122433325444555
000112031122333442555544
000112031122334452344555
000112031122334552344455
000112031122433352444555
000112031142333442555542
000112031142334442355552
000112031142335442355542
000112031142335542355442
000112031142533342555442
000112033112334522444555
000112033112433522444555
000112033112443322445555
000112033112443522443555
000112034112334522344555
000112033112334442555542
000112033112334552444552
000112033112433552444552
000112033112443352445552
000112033112443552443552
000112034112334442355552
000112034112334552344552
000112033122334125444555
000112033122433125444555
000112033122443125443555
000112034122334125344555
000112033122334152444555
000112033122433152444555
000112033122443152443555
000112034122334152344555
000112033142335142555442
000112033142533142555442
000112033142553142553442
000112034152334152344552
000112033312435512444552
000112033312443512445552
000112033312444312455552
000112033312445312445552
000112033412335412555442
000112033412533412555442
000112033412553412553442
000112034412334412355552
000112034512334512344552
000122011122333344555544
000122011122333444355554
000122011122333455344455
000122011122334444335555
000122011122334445334555
000122011122334455334455
000122011122334555334445
000122011122344445333555
000122011122344455333455
000122011123444423555533
000122011123444523455533
000122011123445523445533
000122011123455523444533
000122011132443332445555
000122011132444432555533
000122011132444532455533
000122011132445532445533
000122011132455532444533
000123011123444223455553
000123011123445223445553
000123011123444423555523
000123011123444523455523
000123011123445523445523
000123011123455523444523
000122031112333442555544
000122031112334452344555
000122031112334552344455
000122031112433352444555
000122031122331444355554
000122031122331455344455
000122031124331524355544
000122031142331542355544
000123041123441223455553
000123041123441523455523
000122031122333144555544
000122031122334155344455
000122031124333124555544
000122031124335124355544
000122031142333142555544
000122031142335142355544
000123041123444123555523
000123041123445123455523
000122033112334152444555
000122033112433152444555
000122033112443152443555
000122034112334152344555
000122033112334512444555
000122033112433512444555
000122033112443312445555
000122033112443512443555
000122034112334512344555
000122033122331144555544
000122033124331124555544
000122033142331142555544
000123044123441123555523
000122033122334115444555
000122033122433115444555
000122033122443115443555
000122034122334115344555
000122033122334155444155
000122033122433155444155
000122033122443155443155
000122034122334155344155
000122033124335124555144
000122033124533124555144
000122033124553124553144
000122034125334125344155
000122033142335142555144
000122033142533142555144
000122033142553142553144
000122034152334152344155
000123044123445123555123
000123044123544123555123
000123044123554123554123
000123045123445123455123
000111203144223334255554
000111203144223445233555
000111203144223544233555
000111203144223554233554
000111203145223445233455
000111203144233344225555
000111203144233354225554
000111203144233445223555
000111203144233544223555
000111203144233554223554
000111203145233445223455
000111203314222334555544
000111203314223344255554
000111203314225334255544
000111203415223445233455
000111203415223455233445
000111203314233444225555
000111203314233544225554
000111203314233554225544
000111203314255334225544
000111203415233445223455
000111203415233455223445
000111203331222344555544
000111203331223444255554
000111203331223455244455
000111203331224355244455
000111203331224435244555
000111203341223344255554
000111203441223445233555
000111203441223455233455
000111203441223544233555
000111203451223455233445
000111203331244355224455
000111203331244435224555
000111203341233444225555
000111203341233544225554
000111203441233344225555
000111203441233445223555
000111203441233455223455
000111203441233544223555
000111203451233455223445
000112301122334425344555
000112301122344425334555
000112301122333442555544
000112301122334452344555
000112301122334552344455
000112301122344442335555
000112301122344452334555
000112301122344552334455
000112301142333442555542
000112301142334442355552
000112301142335442355542
000112301142335542355442
000112301142355442335542
000112301142355542335442
000112304112334522344555
000112304112344422335555
000112304112344522334555
000112304112334442355552
000112304112334552344552
000112304112344452335552
000112304112344552334552
000112304122334125344555
000112304122344125334555
000112304122334152344555
000112304122344152334555
000112304152334152344552
000112304152344152334552
000112304412334412355552
000112304512334512344552
000112304412344512335552
000112304512344512334552
000122301112333442555544
000122301112334452344555
000122301112334552344455
000122301112344442335555
000122301112344452334555
000122301112344552334455
000122301122331444355554
000122301122331455344455
000122301124331524355544
000122301142331542355544
000123401123441223455553
000123401123441523455523
000122301122333144555544
000122301122334155344455
000122301122344155334455
000122301124333124555544
000122301124335124355544
000122301124355124335544
000122301142333142555544
000122301142335142355544
000122301142355142335544
000123401123444123555523
000123401123445123455523
000123401123455123445523
000122304112334152344555
000122304112344152334555
000122304112334512344555
000122304112344412335555
000122304112344512334555
000122304122334115344555
000122304122344115334555
000122304122334155344155
000122304122344155334155
000122304125334125344155
000122304125344125334155
000122304152334152344155
000122304152344152334155
000123405123445123455123
000123405123455123445123
000111220133224335444555
000111220133224533444555
000111220133224443555543
000111220133224553444553
000111220134223334555544
000111220134225334555344
000111220133244335244555
000111220133244433245555
000111220133244533244555
000111220133244443255553
000111220133244453245553
000111220133244553244553
000111220133245553244453
000111220134253334255544
000111220134255334255344
000111220133422335444555
000111220133422533444555
000111220133422553444553
000111220134522334555344
000111230144233344225555
000111230144233354225554
000111230144233445223555
000111230144233544223555
000111230144233554223554
000111230145233445223455
000111220314223334555544
000111220314225334555344
000111220314225344555334
000111220314233344255554
000111220314253334255544
000111220314255334255344
000111220314255344255334
000111220314522334555344
000111220314522344555334
000111230415233445223455
000111230415233455223445
000111220331223344555544
000111220331224335444555
000111220331224355444355
000111220331224533444555
000111220341225344555334
000111220331243355244455
000111220331244335244555
000111220331244355244355
000111220331244433245555
000111220331244533244555
000111220341233344255554
000111220341255344255334
000111220331422335444555
000111220331422355444355
000111220331422533444555
000111220341522344555334
000111230441233344225555
000111230441233445223555
000111230441233455223455
000111230441233544223555
000111230451233455223445
000112330112334522444555
000112330112344422345555
000112330112344522344555
000112330112433522444555
000112340112344422335555
000112340112344522334555
000112330112334442555542
000112330112334552444552
000112330112344442355552
000112330112344452345552
000112330112344552344552
000112330112345552344452
000112330112433552444552
000112340112344452335552
000112340112344552334552
000112330122334125444555
000112330122344125344555
000112330122433125444555
000112340122344125334555
000112330122334152444555
000112330122344152344555
000112330122433152444555
000112340122344152334555
000112330142335142555442
000112330142355142355442
000112330142533142555442
000112340152344152334552
000112330412335412555442
000112330412344412355552
000112330412355412355442
000112330412533412555442
000112340512344512334552
000122330112334152444555
000122330112344152344555
000122330112433152444555
000122340112344152334555
000122330112334512444555
000122330112344412345555
000122330112344512344555
000122330112433512444555
000122340112344412335555
000122340112344512334555
000122330122331144555544
000122330122341155344455
000122330124331124555544
000122330124351124355544
000122330142331142555544
000122330142351142355544
000123440123441123555523
000123440123451123455523
000122330122334115444555
000122330122344115344555
000122330122433115444555
000122340122344115334555
000122330122334155444155
000122330122344155344155
000122330122433155444155
000122340122344155334155
000122330124335124555144
000122330124355124355144
000122330124533124555144
000122340125344125334155
000122330142335142555144
000122330142355142355144
000122330142533142555144
000122340152344152334155
000123440123445123555123
000123440123455123455123
000123440123544123555123
000123450123455123445123
001111002222333344555544
001111002222333444355554
001111002222333455344455
001111002222334444335555
001111002222334445334555
001111002222334455334455
001111002222334555334445
001111002222344445333555
001111002222344455333455
001111002223442333445555
001111002223442533445553
001111002223442553445533
001111002223444233455553
001111002223445233445553
001111002223444423555533
001111002223444523455533
001111002223445523445533
001111002223455523444533
001111002233422335444555
001111002233422533444555
001111002233422553444553
001111002234522334555344
001111002233442233445555
001111002233442253445553
001111002233442335442555
001111002233442533442555
001111002233442553442553
001111002234552334552344
001111002233444223455553
001111002233445223445553
001111002333222344555544
001111002333222443555544
001111002334222334555544
001111002344222334555534
001111002333422235444555
001111002333422253444555
001111002333442223445555
001111002333442235442555
001111002333442253442555
001111002333442355442255
001111002333442553442255
001111002334552334552244
001111002344552334552234
001112001222333344555544
001112001222333444355554
001112001222333455344455
001112001222334444335555
001112001222334445334555
001112001222334455334455
001112001222334555334445
001112001222344445333555
001112001222344455333455
001112001322433325444555
001112001322443325443555
001112001322433352444555
001112001322443332445555
001112001322443352443555
001112001332443322445555
001112001332443352445552
001112001332444332455552
001112001332445332445552
001112001332444432555532
001112001332444532455532
001112001332445532445532
001112001332455532444532
001112001342533342555442
001112001342553342553442
001112003122433325444555
001112003122443325443555
001112003122333442555544
001112003122433352444555
001112003122443332445555
001112003122443352443555
001112003122443552443355
001112003142333442555542
001112003142533342555442
001112003142553342553442
001112003142553442553342
001112003312433522444555
001112003312443322445555
001112003312443522443555
001112003312433552444552
001112003312443352445552
001112003312443552443552
001112003312444332455552
001112003312445332445552
001112003412333442555542
001112003412553442553342
001122001122333344555544
001122001122333444355554
001122001122333455344455
001122001122334444335555
001122001122334445334555
001122001122334455334455
001122001122334555334445
001122001122344445333555
001122001122344455333455
001122001123444423555533
001122001123444523455533
001122001123445523445533
001122001123455523444533
001122001132443332445555
001122001132444432555533
001122001132444532455533
001122001132445532445533
001122001132455532444533
001123001123444223455553
001123001123445223445553
001123001123444423555523
001123001123444523455523
001123001123445523445523
001123001123455523444523
001122001223441333445555
001122001223441533445553
001122001223441553445533
001122001322441333445555
001122001322441355443355
001122001324551324553344
001122001332441332445555
001122001342551342553344
001123001223441233445555
001123001223441253445553
001123001223441523445553
001123001423551423554423
001122003112333442555544
001122003112433352444555
001122003112443332445555
001122003112443352443555
001122003112443552443355
001122003122333144555544
001122003122443155443355
001122003124333124555544
001122003124553124553344
001122003142333142555544
001122003142553142553344
001123004123444123555523
001123004123554123554423
001222001112333344555544
001222001112333444355554
001222001112333455344455
001222001112334444335555
001222001112334445334555
001222001112334455334455
001222001112334555334445
001222001112344445333555
001222001112344455333455
001222001123441333445555
001222001123441533445553
001222001123441553445533
001222001132441333445555
001222001132441533445553
001223001123441523445553
001222001123444133455553
001222001123445133445553
001222001132444133455553
001222001132445133445553
001223001123444123455553
001223001123445123445553
001222001233411335444555
001222001233411533444555
001222001233411553444553
001222001234511334555344
001222001324511334555344
001222001324511344555334
001222001332411335444555
001222001332411355444355
001222001332411533444555
001222001342511344555334
001223001223411533444555
001223001223411553444553
001223001233411235444555
001223001233411253444555
001223001243511243555443
001223001423511423555443
001233001223411253444555
001233001223411523444555
001233001233411225444555
001233001233411255444255
001233001234511234555244
001233001243511243555244
001234001234511234555234
001222001233441133445555
001222001233441153445553
001222001332441133445555
001223001223441133445555
001223001223441153445553
001233001223441123445555
001222001233441335441555
001222001233441533441555
001222001233441553441553
001222001234551334551344
001222001324551334551344
001222001324551344551334
001222001332441335441555
001222001332441355441355
001222001332441533441555
001222001342551344551334
001223001223441533441555
001223001223441553441553
001223001233441235441555
001223001233441253441555
001223001243551243551443
001223001423551423551443
001233001223441253441555
001233001223441523441555
001233001233441225441555
001233001233441255441255
001233001234551234551244
001233001243551243551244
001234001234551234551234
001111022223044333445555
001111022223044533445553
001111022223045533444553
001111022223044443555533
001111022223044553445533
001111022223045553444533
001111022233024335444555
001111022233024533444555
001111022233024443555543
001111022233024553444553
001111022234023334555544
001111022234025334555344
001111022233042335444555
001111022233042533444555
001111022233042553444553
001111022234052334555344
001111022233044233445555
001111022233044253445553
001111022333022344555544
001111022333022443555544
001111022334022334555544
001111022344022334555534
001111022333042235444555
001111022333042253444555
001111023333022244555544
001111023334022234555544
001111023333024444225555
001111023333024445224555
001111023333024455224455
001111023333024555224445
001111023334023444225555
001111023334023544225554
001111023334023554225544
001111023334025344225554
001111023334025534225544
001111023344023344225555
001111023344023354225554
001111023344023445223555
001111023344023544223555
001111023344023554223554
001111023345023445223455
001111023344025334225554
001111023444023334225555
001111023444023345223555
001111023444023354223555
001111023444023455223355
001111023444023554223355
001111023445023445223355
001111023455023445223345
001112031222033344555544
001112031222034444335555
001112031222034445334555
001112031222034455334455
001112031222034555334445
001112031422034425334555
001112031422034442335555
001112031422034452334555
001112031442034422335555
001112031442033342555542
001112031442034452335552
001112031442035442335552
001112031442035542335542
001112031452034452334552
001112033122043325444555
001112034122034425334555
001112033122033442555544
001112033122043352444555
001112034122034442335555
001112034122034452334555
001112034122034552334455
001112033142033442555542
001112033142053342555442
001112034152034452334552
001112034152034552334452
001112033312034522444555
001112033312043522444555
001112033312044322445555
001112034412034422335555
001112034412034522334555
001112033312034442555542
001112033312034552444552
001112033312043552444552
001112033312044352445552
001112033412033442555542
001112034412034452335552
001112034412034552334552
001112034412035442335552
001112034512034552334452
001122011223044333445555
001122011223044533445553
001122011223045533444553
001122011223044443555533
001122011223044553445533
001122011223045553444533
001122011322033344555544
001122011322043335444555
001122011322043355444355
001122011322044333445555
001122011322044355443355
001122011324033324555544
001122011324053324555344
001122011324055324553344
001122011332043352444555
001122011332044332445555
001122011342033342555544
001122011342053342555344
001122011342055342553344
001123011223044233445555
001123011223044253445553
001123011223044523445553
001123011223045523444553
001123011423044423555523
001123011423054423555423
001123011423055423554423
001122031122033344555544
001122031122034444335555
001122031122034445334555
001122031122034455334455
001122031122034555334445
001122031124033324555544
001122031124035524335544
001122031142033342555544
001122031142034442335555
001122031142035542335544
001123041123045223445553
001123041123044423555523
001123041123045523445523
001122031224031444335555
001122031224031544335554
001122031224031554335544
001122031422031444335555
001122031422031455334455
001122031425031425334455
001122031442031442335555
001122031452031452334455
001123041223041233445555
001123041223041253445553
001123041223041523445553
001123041523041523445523
001122033112033442555544
001122033112043352444555
001122034112034442335555
001122034112034452334555
001122034112034552334455
001122033122033144555544
001122034122034155334455
001122033124033124555544
001122034125034125334455
001122033142033142555544
001122034152034152334455
001123044123044123555523
001123045123045123445523
001222011123044333445555
001222011123044533445553
001222011123045533444553
001222011123044443555533
001222011123044553445533
001222011123045553444533
001222011132043335444555
001222011132044333445555
001222011132044533445553
001222011132045533444553
001223011123044523445553
001223011123045523444553
001222011233014335444555
001222011233014533444555
001222011233014443555543
001222011233014553444553
001222011234013334555544
001222011234015334555344
001222011324013334555544
001222011324015334555344
001222011324015344555334
001222011332013344555544
001222011332014335444555
001222011332014355444355
001222011332014533444555
001222011342015344555334
001223011223014533444555
001223011223014443555543
001223011223014553444553
001223011233014235444555
001223011233014253444555
001223011243015243555443
001223011423015423555443
001233011223014253444555
001233011223014523444555
001233011233012244555544
001233011234012234555544
001233011243012243555544
001234011234012234555534
001233011233014225444555
001233011233014255444255
001233011234015234555244
001233011243015243555244
001234011234015234555234
001222011233041335444555
001222011233041533444555
001222011233041553444553
001222011234051334555344
001222011324051334555344
001222011324051344555334
001222011332041335444555
001222011332041355444355
001222011332041533444555
001222011342051344555334
001223011223041533444555
001223011223041553444553
001223011233041235444555
001223011233041253444555
001223011243051243555443
001223011423051423555443
001233011223041253444555
001233011223041523444555
001233011233041225444555
001233011233041255444255
001233011234051234555244
001233011243051243555244
001234011234051234555234
001222031112033344555544
001222031112034444335555
001222031112034445334555
001222031112034455334455
001222031112034555334445
001222031124031444335555
001222031124031544335554
001222031124031554335544
001222031142031444335555
001222031142031544335554
001223041123041523445553
001222031124035144335554
001222031142035144335554
001223041123045123445553
001222031244031144335555
001222031244031154335554
001222031442031144335555
001223041223041133445555
001223041223041153445553
001233041223041123445555
001222031244031445331555
001222031244031544331555
001222031244031554331554
001222031245031445331455
001222031425031445331455
001222031425031455331445
001222031442031445331555
001222031442031455331455
001222031442031544331555
001222031452031455331445
001223041223041533441555
001223041223041553441553
001223041233041235441555
001223041233041253441555
001223041253041253441553
001223041523041523441553
001233041223041253441555
001233041223041523441555
001233041233041225441555
001233041233041255441255
001233041235041235441255
001233041253041253441255
001234051234051234551234
001111200333222344555544
001111200333222443555544
001111200334222334555544
001111200344222334555534
001111200333224355244455
001111200333224435244555
001111200333224453244555
001111200333224553244455
001111200334223344255554
001111200334225334255544
001111200344223334255554
001111200344225334255534
001111200333244355224455
001111200333244435224555
001111200333244443225555
001111200333244453224555
001111200333244553224455
001111200334255334225544
001111200344233344225555
001111200344233354225554
001111200344255334225534
001112300122334425344555
001112300122344425334555
001112300122333442555544
001112300122334452344555
001112300122334552344455
001112300122344442335555
001112300122344452334555
001112300122344552334455
001112300142333442555542
001112300142334442355552
001112300142335442355542
001112300142335542355442
001112300142355442335542
001112300142355542335442
001112300412344422335555
001112300412333442555542
001112300412334442355552
001112300412335442355542
001112300412344452335552
001112300412355442335542
001122300112333442555544
001122300112334452344555
001122300112334552344455
001122300112344442335555
001122300112344452334555
001122300112344552334455
001122300122333144555544
001122300122334155344455
001122300122344155334455
001122300124333124555544
001122300124335124355544
001122300124355124335544
001122300142333142555544
001122300142335142355544
001122300142355142335544
001123400123444123555523
001123400123445123455523
001123400123455123445523
001111203333204444225555
001111203333204445224555
001111203333204455224455
001111203333204555224445
001111203334203444225555
001111203334203544225554
001111203334203554225544
001111203334205344225554
001111203334205534225544
001111203344203344225555
001111203344203354225554
001111203344203445223555
001111203344203544223555
001111203344203554223554
001111203345203445223455
001111203344205334225554
001111203444203334225555
001111203444203345223555
001111203444203354223555
001111203444203455223355
001111203444203554223355
001111203445203445223355
001111203455203445223345
001112301222304444335555
001112301222304445334555
001112301222304455334455
001112301222304555334445
001112301422304425334555
001112301422304442335555
001112301422304452334555
001112301442304422335555
001112301442304452335552
001112301442305442335552
001112301442305542335542
001112301452304452334552
001112304122304425334555
001112304122304442335555
001112304122304452334555
001112304122304552334455
001112304152304452334552
001112304152304552334452
001112304412304422335555
001112304412304522334555
001112304412304452335552
001112304412304552334552
001112304412305442335552
001112304512304552334452
001122301122304444335555
001122301122304445334555
001122301122304455334455
001122301122304555334445
001122301124305524335544
001122301142304442335555
001122301142305542335544
001123401123405223445553
001123401123405523445523
001122301224301444335555
001122301224301544335554
001122301224301554335544
001122301422301444335555
001122301422301455334455
001122301425301425334455
001122301442301442335555
001122301452301452334455
001123401223401233445555
001123401223401253445553
001123401223401523445553
001123401523401523445523
001122304112304442335555
001122304112304452334555
001122304112304552334455
001122304122304155334455
001122304125304125334455
001122304152304152334455
001123405123405123445523
001222301112304444335555
001222301112304445334555
001222301112304455334455
001222301112304555334445
001222301124301444335555
001222301124301544335554
001222301124301554335544
001222301142301444335555
001222301142301544335554
001223401123401523445553
001222301124305144335554
001222301142305144335554
001223401123405123445553
001222301244301144335555
001222301244301154335554
001222301442301144335555
001223401223401133445555
001223401223401153445553
001233401223401123445555
001222301244301445331555
001222301244301544331555
001222301244301554331554
001222301245301445331455
001222301425301445331455
001222301425301455331445
001222301442301445331555
001222301442301455331455
001222301442301544331555
001222301452301455331445
001223401223401533441555
001223401223401553441553
001223401233401235441555
001223401233401253441555
001223401253401253441553
001223401523401523441553
001233401223401253441555
001233401223401523441555
001233401233401225441555
001233401233401255441255
001233401235401235441255
001233401253401253441255
001234501234501234551234
011112000222333344555544
011112000222333444355554
011112000222333455344455
011112000222334444335555
011112000222334445334555
011112000222334455334455
011112000222334555334445
011112000222344445333555
011112000222344455333455
011112000322433325444555
011112000322443325443555
011112000322433352444555
011112000322443332445555
011112000322443352443555
011112000332443322445555
011112000332443352445552
011112000332444332455552
011112000332445332445552
011112000332444432555532
011112000332444532455532
011112000332445532445532
011112000332455532444532
011112000342533342555442
011112000342553342553442
011122000122333344555544
011122000122333444355554
011122000122333455344455
011122000122334444335555
011122000122334445334555
011122000122334455334455
011122000122334555334445
011122000122344445333555
011122000122344455333455
011122000123444423555533
011122000123444523455533
011122000123445523445533
011122000123455523444533
011122000132443332445555
011122000132444432555533
011122000132444532455533
011122000132445532445533
011122000132455532444533
011123000123444223455553
011123000123445223445553
011123000123444423555523
011123000123444523455523
011123000123445523445523
011123000123455523444523
011112003222033344555544
011112003222043335444555
011112003222043355444355
011112003322043325444555
011112003322033442555544
011112003322043352444555
011112003322044332445555
011112003332043522444555
011112003332044322445555
011112003332043552444552
011112003332044352445552
011112003332044532445552
011112003332045532444552
011112003342033442555542
011112003342053342555442
011112003442033342555542
011112003442053342555342
011122001223044333445555
011122001223044533445553
011122001223045533444553
011122001223044443555533
011122001223044553445533
011122001223045553444533
011122001322033344555544
011122001322043335444555
011122001322043355444355
011122001322044333445555
011122001322044355443355
011122001324033324555544
011122001324053324555344
011122001324055324553344
011122001332043352444555
011122001332044332445555
011122001342033342555544
011122001342053342555344
011122001342055342553344
011123001223044233445555
011123001223044253445553
011123001223044523445553
011123001223045523444553
011123001423044423555523
011123001423054423555423
011123001423055423554423
011122003122033344555544
011122003122043335444555
011122003122043355444355
011122003124033324555544
011122003124053324555344
011122003142033342555544
011122003142053342555344
011123004123044423555523
011123004123054423555423
011222001123044333445555
011222001123044533445553
011222001123045533444553
011222001123044443555533
011222001123044553445533
011222001123045553444533
011222001132043335444555
011222001132044333445555
011222001132044533445553
011222001132045533444553
011223001123044523445553
011223001123045523444553
011222001233041335444555
011222001233041533444555
011222001233041553444553
011222001234051334555344
011222001324051334555344
011222001324051344555334
011222001332041335444555
011222001332041355444355
011222001332041533444555
011222001342051344555334
011223001223041533444555
011223001223041553444553
011223001233041235444555
011223001233041253444555
011223001243051243555443
011223001423051423555443
011233001223041253444555
011233001223041523444555
011233001233041225444555
011233001233041255444255
011233001234051234555244
011233001243051243555244
011234001234051234555234
011112003222403335444555
011112003222403355444355
011112003322403325444555
011112003322403352444555
011112003332403522444555
011112003332403552444552
011112003332405532444552
011112003342503342555442
011112003442503342555342
011122001223405533444553
011122001223405553444533
011122001322403335444555
011122001322403355444355
011122001324503324555344
011122001332403352444555
011122001342503342555344
011123001223405523444553
011123001423504423555423
011122003122403335444555
011122003122403355444355
011122003124503324555344
011122003142503342555344
011123004123504423555423
011222001123405533444553
011222001123405553444533
011222001132403335444555
011222001132405533444553
011223001123405523444553
011222001233401335444555
011222001233401533444555
011222001233401553444553
011222001234501334555344
011222001324501334555344
011222001324501344555334
011222001332401335444555
011222001332401355444355
011222001332401533444555
011222001342501344555334
011223001223401533444555
011223001223401553444553
011223001233401235444555
011223001233401253444555
011223001243501243555443
011223001423501423555443
011233001223401253444555
011233001223401523444555
011233001233401225444555
011233001233401255444255
011233001234501234555244
011233001243501243555244
011234001234501234555234
011112033222003344555544
011112033322004325444555
011112033322003442555544
011112033322004352444555
011112033332004522444555
011112033332004442555542
011112033332004552444552
011112033342003442555542
011112033342005342555442
011112033442003342555542
011122013224003334555544
011122013322003344555544
011122013322004335444555
011122013322004355444355
011122013324003324555544
011122013324005324555344
011122013332003442555544
011122013332004352444555
011122013332004532444555
011122013342003342555544
011122013342005342555344
011123012223004533444555
011123012223004443555543
011123012223004553444553
011123014423004423555523
011123014423005423555423
011122033122003344555544
011122033124003324555544
011122033142003342555544
011123044123004423555523
011222011233004335444555
011222011233004533444555
011222011233004443555543
011222011233004553444553
011222011234003334555544
011222011234005334555344
011222011324003334555544
011222011324005334555344
011222011324005344555334
011222011332003344555544
011222011332004335444555
011222011332004355444355
011222011332004533444555
011222011342005344555334
011223011223004533444555
011223011223004443555543
011223011223004553444553
011223011233004235444555
011223011233004253444555
011223011243005243555443
011223011423005423555443
011233011223004253444555
011233011223004523444555
011233011233002244555544
011233011234002234555544
011233011243002243555544
011234011234002234555534
011233011233004225444555
011233011233004255444255
011233011234005234555244
011233011243005243555244
011234011234005234555234
012222011133004335444555
012222011133004533444555
012222011133004443555543
012222011133004553444553
012222011134003334555544
012222011134005334555344
012223011123004533444555
012223011123004443555543
012223011123004553444553
012222011333001344555544
012222011333001443555544
012222011334001334555544
012222011344001334555534
012223011233001443555544
012223011243001443555543
012223011423001443555543
012233011223001443555544
012233011233001244555544
012233011234001234555544
012233011243001243555544
012234011234001234555534
011112033222033444055554
011112033222033455044455
011112033222034444035555
011112033222034445034555
011112033222034455034455
011112033222034555034445
011112033222043355044455
011112034222034445033555
011112034222034455033455
011112033322034425044555
011112033322044325044555
011112033422034425034555
011112034422034425033555
011112033322034452044555
011112033322034552044455
011112033322043552044455
011112033322044352044555
011112033422034442035555
011112033422034452034555
011112034422033442035555
011112034422034452033555
011112033332044422045555
011112033332044522044555
011112033442034422035555
011112034442033422035555
011112034442034522033555
011112033332044442055552
011112033332044452045552
011112033332044552044552
011112033332045552044452
011112033342034442055552
011112033342035442055542
011112033342035542055442
011112033342053442055542
011112033342055342055442
011112033442033442055552
011112033442033542055542
011112033442034452035552
011112033442035442035552
011112033442035542035542
011112033452034452034552
011112033442053342055542
011112034442033342055552
011112034442033452035552
011112034442033542035552
011112034442034552033552
011112034442035542033552
011112034452034452033552
011112034552034452033452
011122013224033344055554
011122013224033444035555
011122013224033544035554
011122013224033554035544
011122013224053334055544
011122013322033444055554
011122013322033455044455
011122013322043355044455
011122013322044335044555
011122013322044355044355
011122013422033444035555
011122013422033455034455
011122013324033524055544
011122013324053324055544
011122013324055324055344
011122013425033425034455
011122013332043552044455
011122013332044352044555
011122013332044432045555
011122013332044532044555
011122013342033542055544
011122013342053342055544
011122013342055342055344
011122013442033442035555
011122013452033452034455
011123012223044433045555
011123012223044533044555
011123012223044443055553
011123012223044453045553
011123012223044553044553
011123012223045553044453
011123014223044233045555
011123014223044253045553
011123014223044423055553
011123014223044523045553
011123014423044223055553
011123014423044523055523
011123014423054423055523
011123014423055423055423
011123014523044523045523
011122031224033344055554
011122031224033444035555
011122031224033544035554
011122031224033554035544
011122031224035544033554
011122031224035554033544
011122031422033444035555
011122031422033455034455
011122031422034445033555
011122031422034455033455
011122031425033425034455
011122031425034425033455
011122031442033442035555
011122031452033452034455
011122031442034452033555
011122031452034452033455
011123041223044233045555
011123041223044253045553
011123041223044423055553
011123041223044523045553
011123041223045523044553
011123041523044523045523
011123041523045523044523
011122033122033444055554
011122033122033455044455
011122033122034444035555
011122033122034445034555
011122033122034455034455
011122033122034555034445
011122033122043355044455
011122034122034445033555
011122034122034455033455
011122033124033524055544
011122033124035524035544
011122033124053324055544
011122034125034425033455
011122033142033542055544
011122033142034442035555
011122033142035542035544
011122033142053342055544
011122034152034452033455
011123044123044223055553
011123044123045223045553
011123044123044523055523
011123044123045523045523
011123044123054423055523
011123045123045523044523
011222011233044335044555
011222011233044433045555
011222011233044533044555
011222011233044443055553
011222011233044453045553
011222011233044553044553
011222011233045553044453
011222011234053334055544
011222011234055334055344
011222011324033344055554
011222011324053334055544
011222011324055334055344
011222011324055344055334
011222011332043355044455
011222011332044335044555
011222011332044355044355
011222011332044433045555
011222011332044533044555
011222011342033344055554
011222011342055344055334
011223011223044433045555
011223011223044533044555
011223011223044443055553
011223011223044453045553
011223011223044553044553
011223011223045553044453
011223011233044235044555
011223011233044253044555
011223011243055243055443
011223011423044423055553
011223011423055423055443
011233011223044253044555
011233011223044423045555
011233011223044523044555
011233011233042255044455
011233011234052234055544
011233011243052243055544
011234011234052234055534
011233011233044225044555
011233011233044255044255
011233011234055234055244
011233011243055243055244
011234011234055234055234
011222013244013334055554
011222013244013445033555
011222013244013544033555
011222013244013554033554
011222013245013445033455
011222013324013344055554
011222013324015334055544
011222013425013445033455
011222013425013455033445
011222013332013444055554
011222013332013455044455
011222013332014355044455
011222013332014435044555
011222013342013344055554
011222013442013445033555
011222013442013455033455
011222013442013544033555
011222013452013455033445
011223012233014435044555
011223012233014453044555
011223012233014553044455
011223012243014443055553
011223012243015443055543
011223012243015543055443
011223014223014533044555
011223014223014443055553
011223014223014553044553
011223014233014235044555
011223014233014253044555
011223014253014253044553
011223014423014423055553
011223014523014523044553
011233012223014453044555
011233012223014553044455
011233012233012444055554
011233012233012455044455
011233012234012534055544
011233012243012543055544
011234012234012334055554
011234012234012534055534
011233012233014255044455
011233012234015234055544
011233012243015243055544
011234012234015234055534
011233014223014253044555
011233014223014523044555
011233014233014225044555
011233014233014255044255
011233014235014235044255
011233014253014253044255
011234015234015234055234
011222031124033344055554
011222031124033444035555
011222031124033544035554
011222031124033554035544
011222031124035544033554
011222031124035554033544
011222031142033344055554
011222031142033444035555
011222031142033544035554
011222031142034445033555
011222031142035544033554
011223041123044423055553
011223041123044523045553
011223041123045523044553
011222031244031445033555
011222031244031544033555
011222031244031554033554
011222031245031445033455
011222031425031445033455
011222031425031455033445
011222031442031445033555
011222031442031455033455
011222031442031544033555
011222031452031455033445
011223041223041533044555
011223041223041553044553
011223041233041235044555
011223041233041253044555
011223041253041253044553
011223041523041523044553
011233041223041253044555
011233041223041523044555
011233041233041225044555
011233041233041255044255
011233041235041235044255
011233041253041253044255
011234051234051234055234
012222011133044335044555
012222011133044433045555
012222011133044533044555
012222011133044443055553
012222011133044453045553
012222011133044553044553
012222011133045553044453
012222011134053334055544
012222011134055334055344
012223011123044433045555
012223011123044533044555
012223011123044443055553
012223011123044453045553
012223011123044553044553
012223011123045553044453
012222011333014355044455
012222011333014435044555
012222011333014453044555
012222011333014553044455
012222011334013344055554
012222011334015334055544
012222011344013334055554
012222011344015334055534
012223011233014435044555
012223011233014453044555
012223011233014553044455
012223011243014443055553
012223011243015443055543
012223011243015543055443
012223011423014443055553
012223011423015443055543
012233011223014453044555
012233011223014553044455
012233011233014255044455
012233011234015234055544
012233011243015243055544
012234011234015234055534
012222011333041355044455
012222011333041553044455
012222011334051334055544
012222011344051334055534
012223011233041553044455
012223011243051443055543
012223011423051443055543
012233011223041553044455
012233011233041255044455
012233011234051234055544
012233011243051243055544
012234011234051234055534
012222013333011444055554
012222013333011455044455
012222013334011344055554
012222013334011534055544
012222013344011334055554
012223012333011444055554
012223012333011455044455
012223012443011443055553
012223012443011543055543
012223014423011443055553
012233012233011444055554
012233012233011455044455
012233012234011534055544
012233012243011543055544
012234012234011334055554
012234012234011534055534
012333012223011444055554
012333012223011455044455
012333012234011244055554
012333012243011244055554
012334012234011234055554
012222013333014444015555
012222013333014445014555
012222013333014455014455
012222013333014555014445
012222013334013444015555
012222013334013544015554
012222013334013554015544
012222013334015344015554
012222013334015534015544
012222013344013344015555
012222013344013354015554
012222013344013445013555
012222013344013544013555
012222013344013554013554
012222013345013445013455
012222013344015334015554
012222013444013334015555
012222013444013345013555
012222013444013354013555
012222013444013455013355
012222013444013554013355
012222013445013445013355
012222013455013445013345
012223012333014444015555
012223012333014445014555
012223012333014455014455
012223012333014555014445
012223012433014435014555
012223012433014443015555
012223012433014453014555
012223012443014433015555
012223012443014453015553
012223012443015443015553
012223012443015543015543
012223012453014453014553
012223014233014435014555
012223014233014443015555
012223014233014453014555
012223014233014553014455
012223014253014453014553
012223014253014553014453
012223014423014433015555
012223014423014533014555
012223014423014453015553
012223014423014553014553
012223014423015443015553
012223014523014553014453
012233012233014444015555
012233012233014445014555
012233012233014455014455
012233012233014555014445
012233012234015534015544
012233012243014443015555
012233012243015543015544
012234012234015334015554
012234012234015534015534
012233012334012444015555
012233012334012544015554
012233012334012554015544
012233012433012444015555
012233012433012455014455
012233012435012435014455
012233012443012443015555
012233012453012453014455
012234012334012344015555
012234012334012354015554
012234012334012534015554
012234012534012534015534
012233014223014443015555
012233014223014453014555
012233014223014553014455
012233014233014255014455
012233014235014235014455
012233014253014253014455
012234015234015234015534
012333012223014444015555
012333012223014445014555
012333012223014455014455
012333012223014555014445
012333012234012444015555
012333012234012544015554
012333012234012554015544
012333012243012444015555
012333012243012544015554
012334012234012534015554
012333012234015244015554
012333012243015244015554
012334012234015234015554
012333012344012244015555
012333012344012254015554
012333012443012244015555
012334012334012244015555
012334012334012254015554
012344012334012234015555
012333012344012445012555
012333012344012544012555
012333012344012554012554
012333012345012445012455
012333012435012445012455
012333012435012455012445
012333012443012445012555
012333012443012455012455
012333012443012544012555
012333012453012455012445
012334012334012544012555
012334012334012554012554
012334012344012345012555
012334012344012354012555
012334012354012354012554
012334012534012534012554
012344012334012354012555
012344012334012534012555
012344012344012335012555
012344012344012355012355
012344012345012345012355
012344012354012354012355
012345012345012345012345
