00001111222233334444
00001111222233343444
00001111222233443344
00001111222234443334
00001111222323334444
00001111222324334443
00001111222324434433
00001111222342334443
00001111222344234433
00001111223322334444
00001111223322434443
00001111223323342444
00001111223324332444
00001111223324432443
00001111223423342344
00001111223342234443
00001111233322234444
00001111233322342444
00001111233322432444
00001111233323442244
00001111233324432244
00001111233423342244
00001111234423342234
00001112122233334444
00001112122233343444
00001112122233443344
00001112122234443334
00001112132233243444
00001112132233324444
00001112132233423444
00001112133233224444
00001112133233424442
00001112133243324442
00001112133244324432
00001112134233423442
00001112312233243444
00001112312233324444
00001112312233423444
00001112312234423344
00001112314233423442
00001112314234423342
00001112331233224444
00001112331234223444
00001112331233424442
00001112331234423442
00001112331243324442
00001112341234423342
00001122112233334444
00001122112233343444
00001122112233443344
00001122112234443334
00001122112344234433
00001122113233324444
00001122113244324433
00001123112342234443
00001123112344234423
00001122122313334444
00001122122314334443
00001122122314434433
00001122132213334444
00001122132213443344
00001122132413243344
00001122133213324444
00001122134213423344
00001123122312334444
00001123122312434443
00001123122314234443
00001123142314234423
00001122311233324444
00001122311233423444
00001122311234423344
00001122312231443344
00001122312431243344
00001122314231423344
00001123412341234423
00001222111233334444
00001222111233343444
00001222111233443344
00001222111234443334
00001222112313334444
00001222112314334443
00001222112314434433
00001222113213334444
00001222113214334443
00001223112314234443
00001222112341334443
00001222113241334443
00001223112341234443
00001222123311334444
00001222123311434443
00001222133211334444
00001223122311334444
00001223122311434443
00001233122311234444
00001222123313341444
00001222123314331444
00001222123314431443
00001222123413341344
00001222132413341344
00001222132413441334
00001222133213341444
00001222133213441344
00001222133214331444
00001222134213441334
00001223122314331444
00001223122314431443
00001223123312341444
00001223123312431444
00001223124312431443
00001223142314231443
00001233122312431444
00001233122314231444
00001233123312241444
00001233123312441244
00001233123412341244
00001233124312431244
00001234123412341234
00010111222233334444
00010111222233343444
00010111222233443344
00010111222234443334
00010111222323334444
00010111222324334443
00010111222324434433
00010111222342334443
00010111222344234433
00010111223322334444
00010111223322434443
00010111223323342444
00010111223324332444
00010111223324432443
00010111223423342344
00010111223342234443
00010111233322234444
00010111233322342444
00010111233322432444
00010111233323442244
00010111233324432244
00010111233423342244
00010111234423342234
00010211221323334444
00010211221324334443
00010211221324434433
00010211221342334443
00010211321432243344
00010211222133334444
00010211222133343444
00010211222133443344
00010211222134443334
00010211223123334444
00010211223124334443
00010211223142334443
00010211322132443344
00010211322133243444
00010221221133334444
00010221221133343444
00010221221133443344
00010221221134443334
00010221321132443344
00010221223133314444
00010221223144314433
00010221322133314444
00010221322133413444
00010221322134413344
00010221324132413344
00010221332133214444
00010221332134213444
00010231223123314444
00012011221323334444
00012011221324334443
00012011221324434433
00012011221342334443
00012011231423342344
00012011231423442334
00012011222133334444
00012011222133343444
00012011222133443344
00012011222134443334
00012011223123334444
00012011223124334443
00012011223142334443
00012011233122334444
00012011233123342444
00012011233123442344
00012011233124332444
00012011234123442334
00012031223123314444
00012031233122314444
00012031233123412444
00012031233124312444
00012201221133334444
00012201221133343444
00012201221133443344
00012201221134443334
00012201231123334444
00012201231123443344
00012201321132443344
00012301231123342444
00012301231123442344
00012201223133314444
00012201223144314433
00012201233123314444
00012201234123413344
00012201322133314444
00012201322133413444
00012201322134413344
00012201324132413344
00012301233122314444
00012301233123412444
00012301233124312444
00012301234123412344
00110011222233334444
00110011222233343444
00110011222233443344
00110011222234443334
00110011222323334444
00110011222324334443
00110011222324434433
00110011222342334443
00110011222344234433
00110011223322334444
00110011223322434443
00110011223323342444
00110011223324332444
00110011223324432443
00110011223423342344
00110011223342234443
00110011233322234444
00110011233322342444
00110011233322432444
00110011233323442244
00110011233324432244
00110011233423342244
00110011234423342234
00110012331233224444
00110012331234223444
00110012331233424442
00110012331234423442
00110012331243324442
00110012341234423342
00110021222133334444
00110021222133343444
00110021222133443344
00110021222134443334
00110021322132443344
00110021322133243444
00110021332132243444
00110021332133224444
00110021332134223444
00120012311233324444
00120012311233423444
00120012311234423344
00120012331233124444
00120012331234123444
00110112022233334444
00110112022233343444
00110112022233443344
00110112022234443334
00110112032233243444
00110112032233324444
00110112032233423444
00110112033233224444
00110112033233424442
00110112033243324442
00110112033244324432
00110112034233423442
00110211022233334444
00110211022233343444
00110211022233443344
00110211022234443334
00110211022342334443
00110211022344234433
00110211023322334444
00110211023322434443
00110211023342234443
00110213021322334444
00110213021322434443
00110213021342234443
00110221022133334444
00110221022133343444
00110221022133443344
00110221022134443334
00110221023142334443
00110221032133243444
00110231023122334444
00120112012233334444
00120112012233343444
00120112012233443344
00120112012234443334
00120112013233324444
00120112013244324433
00120112031233324444
00120112031233423444
00120312031233124444
00112001222133334444
00112001222133343444
00112001222133443344
00112001222134443334
00112001223123334444
00112001223124334443
00112001223142334443
00112001233122334444
00112001233123342444
00112001233123442344
00112001233124332444
00112001234123442334
00112011203322334444
00112011203322434443
00112011203323342444
00112011203324332444
00112011203324432443
00112011203423342344
00112013201322334444
00112013201322434443
00112013201324332444
00112013201324432443
00112031203122334444
00112031203123342444
00112031203124332444
00123012301233124444
00123012301234123444
01110001222233334444
01110001222233343444
01110001222233443344
01110001222234443334
01110001222323334444
01110001222324334443
01110001222324434433
01110001222342334443
01110001222344234433
01110001223322334444
01110001223322434443
01110001223323342444
01110001223324332444
01110001223324432443
01110001223423342344
01110001223342234443
01110001233322234444
01110001233322342444
01110001233322432444
01110001233323442244
01110001233324432244
01110001233423342244
01110001234423342234
01110012022233334444
01110012022233343444
01110012022233443344
01110012022234443334
01110012032233243444
01110012032233324444
01110012032233423444
01110012033233224444
01110012033233424442
01110012033243324442
01110012033244324432
01110012034233423442
01110021022233334444
01110021022233343444
01110021022233443344
01110021022234443334
01110021022342334443
01110021022344234433
01110021032233243444
01110021032233324444
01110021032233423444
01120012031233324444
01120012031233423444
01110012302233243444
01110012302233324444
01110012302233423444
01110012302234423344
01110012304233423442
01110012304234423342
01110021302233243444
01110021302233324444
01110021302233423444
01110021302234423344
01110021302432243344
01120012301233324444
01120012301233423444
01120012301234423344
01110122002233334444
01110122002233343444
01110122002233443344
01110122002234443334
01110122002344234433
01110122003233324444
01110122003244324433
01110123002342234443
01110123002344234423
01110221002233334444
01110221002233343444
01110221002233443344
01110221002234443334
01110221002344234433
01120112002233334444
01120112002233343444
01120112002233443344
01120112002234443334
01120112003233324444
01120112003244324433
01220112001233334444
01220112001233343444
01220112001233443344
01220112001234443334
01110122022303334444
01110122022304334443
01110122022304434433
01110122032203334444
01110122032203443344
01110122032403243344
01110122033203324444
01110122034203423344
01110123022302334444
01110123022302434443
01110123022304234443
01110123042304234423
01110213022302334444
01110213022302434443
01110213022304234443
01110213023302234444
01110221022303334444
01110221022304334443
01110221022304434433
01110221023302334444
01110221023302434443
01110221032203334444
01110221032203443344
01110221032403243344
01110231023302234444
01120112032203334444
01120112032203443344
01120112033203324444
01120112034203423344
01120122012303334444
01120122012304334443
01120122012304434433
01120122013203334444
01120122013204334443
01120132013203324444
01120312031203324444
01220112013203334444
01220112013204334443
01220112031203334444
01220112031203443344
01220122011303334444
01220122011304334443
01220122011304434433
01220122013301334444
01220122013301434443
01220123012301334444
01220123012301434443
01220132013201334444
01230123012301234444
