00001221112233344443
00001221112234433344
00001221112333324444
00001221112333423444
00001221112334423344
00001221112344423334
00001221113224433344
00001231112333422444
00001231112334422344
00001222112331433444
00001222113321433444
00001223112331423444
00001233112331422444
00001222112334133444
00001222112344133344
00001222113244133344
00001222113324133444
00001223112333124444
00001223112334123444
00001233112233124444
00001233112334122444
00001222213331134444
00001222213341133444
00001223312331124444
00001233312231124444
00001233312341122444
00001222213333144441
00001222213334134441
00001222213344133441
00001222213444133341
00001222312333144441
00001222312433144431
00001222312443144331
00001222314233144431
00001222314423144331
00001223312233144441
00001223312243144431
00001223312334124441
00001223312433124441
00001223312443124431
00001223412334123441
00001223314223144431
00001233312223144441
00001233312234124441
00001233312243124441
00001233312344122441
00001233312443122441
00001233412334122441
00001234412334122341
00011021132223344443
00011021132233324444
00011021132243324443
00011021132244324433
00011021134222344433
00011022112233344443
00011022112234433344
00011022113224433344
00011022113322433444
00011022113324433244
00011023112233324444
00011023112234423344
00011022132241344433
00011022134221344433
00011022134421344233
00011023142231423344
00011022213244133344
00011022213324133444
00011022213332134444
00011022213342133444
00011022312243144433
00011022314223144433
00011022314423144233
00011023312233124444
00011023412234123344
00012011123332234444
00012011123342233444
00012011123333244442
00012011123334234442
00012011123344233442
00012011123444233342
00012031123312234444
00012031123314234442
00012031123331244442
00012031123341234442
00012033123311244442
00012033123341244412
00012033124331244412
00012033124431244312
00012034123341234412
00011201132223344443
00011201132233324444
00011201132243324443
00011201132244324433
00011201132443322443
00011201132444322433
00011203112233324444
00011203112234423344
00011203112333422444
00011203112334422344
00011203142231423344
00011203142331422344
00011203312233124444
00011203412234123344
00011203312334122444
00011203412334122344
00012301123312234444
00012301123314234442
00012301123331244442
00012301123341234442
00012301123441233442
00012304123341234412
00012304123441233412
00011220112233344443
00011220112234433344
00011220112333324444
00011220112333423444
00011220112334423344
00011220112344423334
00011220113224433344
00011230112333422444
00011230112334422344
00011220132241344433
00011220132441324433
00011220134221344433
00011230142331422344
00011220312243144433
00011220312333124444
00011220312443124433
00011220314223144433
00011230412334122344
00012330123311244442
00012330123411234442
00012330123341244412
00012330123441234412
00012330124331244412
00012340123441233412
00111001223322433444
00111001223332234444
00111001223342233444
00111001223333244442
00111001223334234442
00111001223344233442
00111001223444233342
00111001234222344433
00111001234422344233
00111002132223344443
00111002134222344433
00111002134422344233
00111002134423344223
00111002213224433344
00111002213322433444
00111002213324433244
00111002213332234444
00111002213342233444
00111002312223344443
00111002314423344223
00112001123332234444
00112001123342233444
00112001123333244442
00112001123334234442
00112001123344233442
00112001123444233342
00112001223312433444
00112001223314233444
00112001324413244332
00112003123331244442
00112003124431244332
00122001123314233444
00122001123331234444
00122001123341233444
00122001223114433344
00122001234112344433
00122001324113244433
00123001234112344423
00122001223311433444
00122001223314433144
00122001234412344133
00122001324413244133
00123001234412344123
00111021330222344443
00111021330233422444
00111021330243322444
00111021330244322443
00111021340233422344
00111022130223344443
00111022130422344433
00111023140233422344
00111023140234422334
00111022210233344443
00111022210234433344
00111022210324433344
00111022210332433444
00111022310223344443
00111023310233422444
00111023310234422344
00111023310243322444
00111023410234422334
00112011220332433444
00112011220334233444
00112011220344233344
00112011320333244442
00112011320433244432
00112011320443244332
00112031120342233444
00112031120333244442
00112031120344233442
00112031220312433444
00112031220314233444
00112031420314233442
00112033120331244442
00112034120341233442
00122011120334233444
00122011120344233344
00122011220133344443
00122011220134433344
00122011230142344433
00122011320143244433
00123011230122344443
00123011230142344423
00122011220314433344
00122011230412344433
00122011320413244433
00123011230412344423
00122031120314233444
00122031120341233444
00122031220311433444
00122031220314433144
00122031240312433144
00122031420314233144
00123041230412344123
00111200132223344443
00111200132233324444
00111200132243324443
00111200132244324433
00111200132443322443
00111200132444322433
00111200312223344443
00111200312233324444
00111200312243324443
00111200312333422444
00111200312443322443
00112300123331244442
00112300123341234442
00112300123441233442
00111201332033422444
00111201332043322444
00111201332044322443
00111201342033422344
00111203142033422344
00111203142034422334
00111203312033422444
00111203312034422344
00111203312043322444
00111203412034422334
00112301123042233444
00112301123044233442
00112301223012433444
00112301223014233444
00112301423014233442
00112304123041233442
00122301123014233444
00122301123041233444
00122301223011433444
00122301223014433144
00122301243012433144
00122301423014233144
00123401234012344123
01111000223322433444
01111000223332234444
01111000223342233444
01111000223333244442
01111000223334234442
01111000223344233442
01111000223444233342
01111000234222344433
01111000234422344233
01112000123332234444
01112000123342233444
01112000123333244442
01112000123334234442
01112000123344233442
01112000123444233342
01111002220324433344
01111002220332433444
01111002220334233444
01111002220344233344
01111002230223344443
01111002230422344433
01111002330222344443
01111002330422344423
01112001220332433444
01112001220334233444
01112001220344233344
01112001320333244442
01112001320433244432
01112001320443244332
01112003120333244442
01112003120433244432
01122001120334233444
01122001120344233344
01122001220314433344
01122001230412344433
01122001320413244433
01123001230412344423
01111002223024433344
01111002223044233344
01111002234022344433
01111002334022344423
01112001223044233344
01112001324033244432
01112003124033244432
01122001123044233344
01122001223014433344
01122001234012344433
01122001324013244433
01123001234012344423
01111022220033344443
01111022220034433344
01111022230023344443
01111022230042344433
01111022330022344443
01112012220033344443
01112012220034433344
01112013320033244442
01112013320043244432
01112033120033244442
01122011220033344443
01122011220034433344
01122011230042344433
01122011320043244433
01123011230022344443
01123011230042344423
01222011120033344443
01222011120034433344
01222011230013344443
01222011320013344443
01223011230012344443
01111022220333304444
01111022220333403444
01111022220334403344
01111022220344403334
01111022230233304444
01111022230243304443
01111022230244304433
01111022230423304443
01111022230442304433
01111022330223304444
01111022330224304443
01111022330233402444
01111022330243302444
01111022330244302443
01111022340233402344
01111022330422304443
01111023330222304444
01111023330223402444
01111023330224302444
01111023330234402244
01111023330244302244
01111023340233402244
01111023440233402234
01112012220333304444
01112012220333403444
01112012220334403344
01112012220344403334
01112013220332403444
01112013220333204444
01112013220334203444
01112013320332204444
01112013320334204442
01112013320433204442
01112013320443204432
01112013420334203442
01112031220332403444
01112031220333204444
01112031220334203444
01112031220344203344
01112031420334203442
01112031420344203342
01112033120332204444
01112033120342203444
01112033120334204442
01112033120344203442
01112033120433204442
01112034120344203342
01122011220333304444
01122011220333403444
01122011220334403344
01122011220344403334
01122011230442304433
01122011320333204444
01122011320443204433
01123011230422304443
01123011230442304423
01122012230133304444
01122012230143304443
01122012230144304433
01122013220133304444
01122013220134403344
01122013240132403344
01122013320133204444
01122013420134203344
01123012230123304444
01123012230124304443
01123012230142304443
01123014230142304423
01122031120333204444
01122031120334203444
01122031120344203344
01122031220314403344
01122031240312403344
01122031420314203344
01123041230412304423
01222011120333304444
01222011120333403444
01222011120334403344
01222011120344403334
01222011230133304444
01222011230143304443
01222011230144304433
01222011320133304444
01222011320143304443
01223011230142304443
01222011230413304443
01222011320413304443
01223011230412304443
01222012330113304444
01222012330114304443
01222013320113304444
01223012230113304444
01223012230114304443
01233012230112304444
01222012330133401444
01222012330143301444
01222012330144301443
01222012340133401344
01222013240133401344
01222013240134401334
01222013320133401444
01222013320134401344
01222013320143301444
01222013420134401334
01223012230143301444
01223012230144301443
01223012330123401444
01223012330124301444
01223012430124301443
01223014230142301443
01233012230124301444
01233012230142301444
01233012330122401444
01233012330124401244
01233012340123401244
01233012430124301244
01234012340123401234
